Filename	Target	Prediction	Confidence
20190814_14-44-24-433_sgm00055.jpg	0	1	0,46361258404734285
20190814_14-44-24-433_sgm00062.jpg	0	0	0,7914178329509322
20190814_14-44-24-433_sgm00095.jpg	0	1	0,4760845645842584
20190814_14-44-24-433_sgm00097.jpg	0	0	0,6857659009773148
20190814_14-44-24-433_sgm00098.jpg	0	0	0,6571380650730633
20190814_14-44-24-433_sgm00102.jpg	0	0	0,6023363360351136
20190814_14-44-24-433_sgm00103.jpg	0	0	0,6515473378465946
20190814_14-44-24-433_sgm00104.jpg	0	0	0,5806327979390348
20190814_14-44-24-433_sgm00185.jpg	0	1	0,5758316676333887
20190814_14-44-24-433_sgm00186.jpg	0	1	0,48590537372557585
20190814_14-44-24-433_sgm00188.jpg	0	0	0,6202993656887045
20190814_14-44-24-433_sgm00190.jpg	0	0	0,5457730345517766
20190814_14-44-24-433_sgm00191.jpg	0	1	0,5390618696515136
20190814_14-44-24-433_sgm00192.jpg	0	1	0,4883903217381825
20190814_14-44-24-433_sgm00193.jpg	0	0	0,5398274421458518
20190814_14-44-24-433_sgm00194.jpg	0	1	0,6051119077957365
20190814_14-44-24-433_sgm00197.jpg	0	0	0,7663624498541225
20190814_14-44-24-433_sgm00200.jpg	0	0	0,6361893727183301
20190814_14-44-24-433_sgm00204.jpg	0	0	0,6010340708334201
20190814_14-44-24-433_sgm00217.jpg	0	1	0,7396901078450794
20190814_14-44-24-433_sgm00220.jpg	0	1	0,5782943225588314
20190814_14-44-24-433_sgm00224.jpg	0	0	0,4877166206578174
20190814_14-44-24-433_sgm00275.jpg	0	1	0,4993626359270924
20190814_14-44-24-433_sgm00278.jpg	0	1	0,456786798809708
20190814_14-44-24-433_sgm00279.jpg	0	0	0,4600330463927931
20190814_14-44-24-433_sgm00510.jpg	0	1	0,5196589437135095
20190814_14-44-24-433_sgm00511.jpg	0	1	0,47313426545719794
20190814_14-44-24-433_sgm00512.jpg	0	0	0,6372144695059677
20190814_14-44-24-433_sgm00513.jpg	0	2	0,5940189237833522
20190814_14-44-24-433_sgm00515.jpg	0	2	0,6894165297484934
20190814_14-44-24-433_sgm00516.jpg	0	2	0,6657876886687607
20190814_14-44-24-433_sgm00521.jpg	0	2	0,42262915960100883
20190814_14-44-24-433_sgm00524.jpg	0	1	0,4160211796728473
20190814_14-44-24-433_sgm00525.jpg	0	0	0,42231854699724314
20190814_14-44-24-433_sgm00526.jpg	0	1	0,5050335063495264
20190814_14-44-24-433_sgm00527.jpg	0	1	0,36889612238037545
20190814_14-44-24-433_sgm00528.jpg	0	1	0,4046887689203217
20190814_14-44-24-433_sgm00558.jpg	0	0	0,5938053914490156
20190814_14-44-24-433_sgm00559.jpg	0	0	0,5837822644569319
20190814_14-44-24-433_sgm00562.jpg	0	1	0,517735613839192
20190814_14-44-24-433_sgm00563.jpg	0	1	0,4868336294453276
20190814_14-44-24-433_sgm00565.jpg	0	0	0,4817400558642281
20190814_14-44-24-433_sgm00601.jpg	0	0	0,6063646360988566
20190814_14-44-24-433_sgm00603.jpg	0	0	0,48938784393003226
20190814_14-44-24-433_sgm00604.jpg	0	0	0,5001227698835653
20190814_14-44-24-433_sgm00639.jpg	0	0	0,4334666487180705
20190814_14-44-24-433_sgm00644.jpg	0	0	0,5121005859965733
20190814_14-44-24-433_sgm00658.jpg	0	1	0,655222449162899
20190814_14-44-24-433_sgm00663.jpg	0	1	0,6009816978100101
20190814_14-44-24-433_sgm00664.jpg	0	1	0,6691978103392906
20190814_14-44-24-433_sgm00713.jpg	0	1	0,8724189163898849
20190814_14-44-24-433_sgm00766.jpg	0	1	0,6860908715610089
20190814_14-44-24-433_sgm00770.jpg	0	1	0,7521682192244745
20190814_14-44-24-433_sgm00880.jpg	0	1	0,745611108351394
20190814_14-44-24-433_sgm00881.jpg	0	1	0,8331426024084531
20190814_14-44-24-433_sgm00958.jpg	0	1	0,6019052709131267
20190814_14-44-24-433_sgm00959.jpg	0	1	0,6363186545923364
20190814_14-44-24-433_sgm00960.jpg	0	1	0,5938945191198163
20190814_14-44-24-433_sgm00964.jpg	0	1	0,49231596893411234
20190814_14-44-24-433_sgm00965.jpg	0	1	0,5493605055901869
20190814_14-44-24-433_sgm00967.jpg	0	1	0,5099685998325528
20190814_14-44-24-433_sgm00969.jpg	0	1	0,6411352150149374
20190814_14-44-24-433_sgm01131.jpg	0	1	0,7070302038362438
20190814_14-44-24-433_sgm01137.jpg	0	1	0,681186539730678
20190814_14-44-24-433_sgm01142.jpg	0	1	0,6566073507357564
20190814_14-44-24-433_sgm01200.jpg	0	1	0,48526292447861186
20190814_14-44-24-433_sgm01268.jpg	0	1	0,5779026458218556
20190814_14-44-24-433_sgm01269.jpg	0	1	0,49085994840103675
20190814_14-44-24-433_sgm01273.jpg	0	1	0,5384899916431385
20190814_14-44-24-433_sgm01274.jpg	0	1	0,6389456904894715
20190814_14-44-24-433_sgm01331.jpg	0	1	0,5634322538418858
20190816_10-30-47-864_sgm00026.jpg	0	0	0,5367635018999506
20190816_10-30-47-864_sgm00029.jpg	0	1	0,4295714793478947
20190816_10-30-47-864_sgm00030.jpg	0	2	0,5995560916267203
20190816_10-30-47-864_sgm00036.jpg	0	2	0,8615643099688068
20190816_10-30-47-864_sgm00037.jpg	0	0	0,6287414516857898
20190816_10-30-47-864_sgm00038.jpg	0	2	0,4171460171981513
20190816_11-08-09-342_sgm00007.jpg	0	2	0,768970819337867
20190816_11-08-09-342_sgm00011.jpg	0	2	0,6113620353151267
20190816_11-08-09-342_sgm00013.jpg	0	1	0,40208975538602454
20190816_11-08-09-342_sgm00014.jpg	0	2	0,6434590255640492
20190816_11-08-09-342_sgm00097.jpg	0	2	0,6473629940830341
20190816_11-08-09-342_sgm00098.jpg	0	0	0,45031894976902914
20190816_11-08-09-342_sgm00099.jpg	0	2	0,48191630557765563
20190816_11-08-09-342_sgm00100.jpg	0	0	0,4758367573032752
20190816_11-08-09-342_sgm00104.jpg	0	0	0,9005663457206505
20190816_11-08-09-342_sgm00105.jpg	0	1	0,4077585521000093
20190819_10-32-50-611_sgm00115.jpg	0	2	0,49422154063585977
20190819_10-32-50-611_sgm00185.jpg	0	1	0,5606461528162812
20190819_10-32-50-611_sgm00219.jpg	0	1	0,6076822542378348
20190819_10-32-50-611_sgm00221.jpg	0	1	0,6484340574537303
20190819_10-32-50-611_sgm00222.jpg	0	1	0,6114469282281105
20190819_10-32-50-611_sgm00226.jpg	0	2	0,45609174259570073
20190819_10-32-50-611_sgm00227.jpg	0	1	0,5300651407032774
20190819_10-32-50-611_sgm00310.jpg	0	1	0,5132400759316913
20190819_10-32-50-611_sgm00312.jpg	0	1	0,6620343367436865
20190819_10-32-50-611_sgm00413.jpg	0	1	0,5696499141300321
20190819_10-32-50-611_sgm00441.jpg	0	1	0,5789733126045931
20190819_10-32-50-611_sgm00442.jpg	0	1	0,5146130197010227
20190819_10-32-50-611_sgm00453.jpg	0	1	0,5612213891775599
20190819_10-32-50-611_sgm00454.jpg	0	1	0,5563825172651085
20190819_10-32-50-611_sgm00455.jpg	0	1	0,6150948764801746
20190819_10-32-50-611_sgm00592.jpg	0	1	0,5016068942566646
20190819_10-32-50-611_sgm00596.jpg	0	1	0,495400465128553
20190819_10-32-50-611_sgm00616.jpg	0	1	0,4618754084107003
20190819_10-32-50-611_sgm00618.jpg	0	1	0,5154813157664694
20190819_10-32-50-611_sgm00619.jpg	0	1	0,5977472440855027
20190819_10-32-50-611_sgm00626.jpg	0	1	0,6040978555967391
20190819_10-32-50-611_sgm00743.jpg	0	1	0,6771757422549464
20190819_10-32-50-611_sgm00745.jpg	0	1	0,5972397889388906
20190819_10-32-50-611_sgm00879.jpg	0	1	0,5165960577363239
20190819_10-32-50-611_sgm00882.jpg	0	1	0,5273770454524189
20190819_10-32-50-611_sgm00886.jpg	0	1	0,6027045881113685
20190819_10-32-50-611_sgm00912.jpg	0	1	0,6201144372118035
20190819_10-32-50-611_sgm00984.jpg	0	1	0,5986780860489843
20190819_10-32-50-611_sgm00987.jpg	0	1	0,5300016082843808
20190819_10-32-50-611_sgm01003.jpg	0	1	0,48256499516695056
20190819_10-32-50-611_sgm01005.jpg	0	1	0,5419081596231945
20190819_10-32-50-611_sgm01014.jpg	0	1	0,3865548393314751
20190819_10-32-50-611_sgm01016.jpg	0	1	0,4864904438824088
20190819_10-32-50-611_sgm01017.jpg	0	1	0,7346471978252921
20190819_10-32-50-611_sgm01019.jpg	0	1	0,5696427838806933
20190819_10-32-50-611_sgm01082.jpg	0	1	0,6151096699815062
20190819_10-32-50-611_sgm01149.jpg	0	0	0,542331845955585
20190819_10-32-50-611_sgm01176.jpg	0	1	0,4470246109687626
20190819_10-32-50-611_sgm01230.jpg	0	1	0,4802453492716287
20190819_10-32-50-611_sgm01237.jpg	0	1	0,5110539963096967
20190819_10-32-50-611_sgm01238.jpg	0	0	0,48943737673759924
20190819_10-32-50-611_sgm01259.jpg	0	2	0,5705144895615928
20190819_10-32-50-611_sgm01264.jpg	0	2	0,5531692852279606
20190819_10-32-50-611_sgm01265.jpg	0	2	0,5195384375165265
20190819_10-32-50-611_sgm01267.jpg	0	2	0,7326789240326581
20190819_10-32-50-611_sgm01281.jpg	0	0	0,43839616678870863
20190819_10-32-50-611_sgm01283.jpg	0	0	0,5799849786560133
20190819_10-32-50-611_sgm01399.jpg	0	0	0,9290749035900336
20190819_10-32-50-611_sgm01401.jpg	0	0	0,7786353128390067
20190819_10-32-50-611_sgm01402.jpg	0	0	0,49024443431184445
20190819_10-32-50-611_sgm01403.jpg	0	0	0,5426264112004933
20190819_10-32-50-611_sgm01405.jpg	0	0	0,9039416099159345
20190819_10-32-50-611_sgm01406.jpg	0	0	0,871582620946551
20190819_10-32-50-611_sgm01408.jpg	0	0	0,7587289960435143
20190819_10-32-50-611_sgm01459.jpg	0	0	0,6561174033066391
20190819_10-32-50-611_sgm01460.jpg	0	0	0,7865827733196278
20190819_10-32-50-611_sgm01462.jpg	0	0	0,42670669280560714
20190819_10-32-50-611_sgm01463.jpg	0	0	0,43055481563046294
20190819_10-32-50-611_sgm01464.jpg	0	0	0,4579652411853054
20190819_10-32-50-611_sgm01465.jpg	0	0	0,5231793734082842
20190819_10-32-50-611_sgm01466.jpg	0	0	0,5232228767862637
20190819_10-32-50-611_sgm01467.jpg	0	0	0,6668719845886294
20190819_10-32-50-611_sgm01468.jpg	0	0	0,5093839242663746
20190819_11-15-57-991_sgm00050.jpg	0	0	0,8459467847043641
20190819_11-15-57-991_sgm00051.jpg	0	0	0,7650453167986744
20190819_11-15-57-991_sgm00069.jpg	0	0	0,5939773228529825
20190819_11-15-57-991_sgm00070.jpg	0	0	0,808722379899807
20190819_11-15-57-991_sgm00071.jpg	0	0	0,5442218415473643
20190819_11-15-57-991_sgm00072.jpg	0	0	0,9000989389353428
20190819_11-15-57-991_sgm00073.jpg	0	2	0,7610090476123463
20190819_11-15-57-991_sgm00074.jpg	0	0	0,5134593719946193
20190819_11-15-57-991_sgm00077.jpg	0	0	0,506237648581133
20190819_11-15-57-991_sgm00091.jpg	0	0	0,7801318447684403
20190819_11-15-57-991_sgm00094.jpg	0	0	0,8027387571315949
20190819_11-15-57-991_sgm00097.jpg	0	2	0,5862388760981105
20190819_11-15-57-991_sgm00109.jpg	0	0	0,6633286558791518
20190819_11-15-57-991_sgm00110.jpg	0	0	0,8365211303574556
20190819_11-15-57-991_sgm00112.jpg	0	0	0,6386412804002479
20190819_11-15-57-991_sgm00113.jpg	0	0	0,5521541034893651
20190819_11-15-57-991_sgm00114.jpg	0	0	0,6530828259346688
20190819_11-15-57-991_sgm00117.jpg	0	0	0,6263408423296647
20190819_11-15-57-991_sgm00119.jpg	0	0	0,46392497501729446
20190819_11-15-57-991_sgm00120.jpg	0	0	0,7016994690174757
20190819_11-15-57-991_sgm00121.jpg	0	0	0,5077499060848871
20190819_11-15-57-991_sgm00122.jpg	0	0	0,7985456617396416
20190819_11-15-57-991_sgm00126.jpg	0	1	0,4121076016500736
20190819_11-15-57-991_sgm00141.jpg	0	0	0,6013522759071878
20190819_11-15-57-991_sgm00144.jpg	0	0	0,5710779976796999
20190819_11-15-57-991_sgm00145.jpg	0	2	0,8429770527058522
20190819_11-15-57-991_sgm00203.jpg	0	0	0,824946097174085
20190819_11-15-57-991_sgm00211.jpg	0	0	0,37571356979684606
20190819_11-15-57-991_sgm00215.jpg	0	0	0,6791964481713669
20190819_11-15-57-991_sgm00216.jpg	0	0	0,8901993046101389
20190819_11-15-57-991_sgm00217.jpg	0	0	0,5023628388219811
20190819_12-00-05-082_sgm00099.jpg	0	0	0,4387890833914529
20190819_12-00-05-082_sgm00100.jpg	0	0	0,4993551353716259
20190819_12-00-05-082_sgm00101.jpg	0	0	0,5017723776372301
20190819_12-00-05-082_sgm00102.jpg	0	1	0,48413738464910766
20190819_12-00-05-082_sgm00104.jpg	0	0	0,43427388971363884
20190819_12-00-05-082_sgm00120.jpg	0	1	0,4636285288299003
20190819_12-00-05-082_sgm00121.jpg	0	0	0,7061064379011498
20190819_12-00-05-082_sgm00122.jpg	0	0	0,6352054319472213
20190819_12-00-05-082_sgm00123.jpg	0	0	0,5863781037871952
20190819_12-00-05-082_sgm00125.jpg	0	0	0,6031669275212099
20190819_12-00-05-082_sgm00127.jpg	0	1	0,5732251472948899
20190819_12-00-05-082_sgm00128.jpg	0	1	0,5180444546885471
20190819_12-00-05-082_sgm00152.jpg	0	1	0,40353541390966957
20190819_12-00-05-082_sgm00154.jpg	0	1	0,6018491987902315
20190819_12-00-05-082_sgm00161.jpg	0	1	0,4751766060689515
20190819_12-00-05-082_sgm00163.jpg	0	1	0,43264961298640653
20190819_12-00-05-082_sgm00164.jpg	0	1	0,47838029251290076
20190819_12-00-05-082_sgm00167.jpg	0	0	0,41514021575253157
20190819_12-00-05-082_sgm00349.jpg	0	1	0,5579928498491858
20190819_12-00-05-082_sgm00354.jpg	0	1	0,600230672400579
20190819_12-00-05-082_sgm00355.jpg	0	1	0,5689495050857782
20190819_12-00-05-082_sgm00356.jpg	0	0	0,49837344691644836
20190819_12-00-05-082_sgm00358.jpg	0	1	0,5459480772862612
20190819_12-00-05-082_sgm00401.jpg	0	0	0,658061914966602
20190819_12-00-05-082_sgm00402.jpg	0	0	0,7232909809121171
20190819_12-00-05-082_sgm00408.jpg	0	1	0,5088344927972311
20190819_12-00-05-082_sgm00459.jpg	0	0	0,6642674052728261
20190819_12-00-05-082_sgm00463.jpg	0	0	0,6869257844689849
20190819_12-00-05-082_sgm00464.jpg	0	0	0,7107753906263401
20190819_12-00-05-082_sgm00536.jpg	0	1	0,4587068961104498
20190819_12-00-05-082_sgm00549.jpg	0	1	0,5798132267622368
20190819_12-00-05-082_sgm00550.jpg	0	1	0,44214502215901186
20190819_12-00-05-082_sgm00649.jpg	0	1	0,5433809165591713
20190819_12-00-05-082_sgm00658.jpg	0	0	0,4699081219376235
20190819_12-00-05-082_sgm00721.jpg	0	0	0,4139959620036269
20190819_12-00-05-082_sgm00722.jpg	0	0	0,35711729958233074
20190819_12-00-05-082_sgm00723.jpg	0	2	0,3869967082595518
20190819_12-00-05-082_sgm00740.jpg	0	2	0,47470973706310804
20190819_12-00-05-082_sgm00744.jpg	0	1	0,4458215174276034
20190819_12-00-05-082_sgm00841.jpg	0	1	0,6212513111359872
20190819_12-00-05-082_sgm00847.jpg	0	1	0,5949545274176421
20190819_12-00-05-082_sgm00848.jpg	0	1	0,6211632057751801
20190819_12-00-05-082_sgm00851.jpg	0	1	0,6605154191753383
20190819_12-00-05-082_sgm00852.jpg	0	1	0,6613323549150095
20190819_12-00-05-082_sgm00854.jpg	0	1	0,686472090954031
20190819_12-00-05-082_sgm00858.jpg	0	1	0,6238822181564901
20190819_12-00-05-082_sgm00859.jpg	0	1	0,597231387807329
20190819_12-00-05-082_sgm00873.jpg	0	1	0,500470292114776
20190819_12-00-05-082_sgm00874.jpg	0	0	0,42437954518338866
20190819_12-00-05-082_sgm00875.jpg	0	1	0,45151243446485495
20190819_12-00-05-082_sgm00876.jpg	0	1	0,471371048480782
20190819_12-00-05-082_sgm00891.jpg	0	1	0,4442288974147489
20190819_12-00-05-082_sgm00892.jpg	0	1	0,5014020145267621
20190819_12-00-05-082_sgm00895.jpg	0	1	0,4421191960942571
20190819_12-00-05-082_sgm00897.jpg	0	0	0,5360537776376819
20190819_12-00-05-082_sgm00903.jpg	0	1	0,6804898431482012
20190819_12-00-05-082_sgm00906.jpg	0	1	0,5117022252426504
20190819_12-00-05-082_sgm00911.jpg	0	1	0,6043855482999851
20190819_12-00-05-082_sgm00912.jpg	0	1	0,5257462237936842
20190819_12-00-05-082_sgm00913.jpg	0	0	0,5044757773080574
20190819_12-00-05-082_sgm00917.jpg	0	1	0,5875460648933817
20190819_12-00-05-082_sgm00962.jpg	0	1	0,5417267272348447
20190819_12-00-05-082_sgm00964.jpg	0	1	0,6254557843372506
20190819_12-00-05-082_sgm00965.jpg	0	1	0,5243790200370747
20190819_12-00-05-082_sgm00967.jpg	0	1	0,6528451239564063
20190819_12-00-05-082_sgm01011.jpg	0	0	0,5476358511204951
20190819_12-00-05-082_sgm01013.jpg	0	0	0,5173909976957793
20190819_12-00-05-082_sgm01014.jpg	0	1	0,4551035457594839
20190819_12-00-05-082_sgm01155.jpg	0	0	0,5002474195197221
20190819_12-00-05-082_sgm01158.jpg	0	0	0,5915727263734746
20190819_12-00-05-082_sgm01159.jpg	0	0	0,5479582495398057
20190819_12-00-05-082_sgm01160.jpg	0	0	0,5030784505426029
20190819_12-26-11-227_sgm00084.jpg	0	1	0,48598644573407707
20190819_12-26-11-227_sgm00090.jpg	0	2	0,9658386409949821
20190819_12-26-11-227_sgm00092.jpg	0	0	0,44187610974186836
20190819_12-50-08-839_sgm00066.jpg	0	2	0,659109192434129
20190819_12-50-08-839_sgm00067.jpg	0	2	0,6196408984707199
20190819_12-50-08-839_sgm00088.jpg	0	0	0,6685297724962294
20190819_12-50-08-839_sgm00089.jpg	0	0	0,41448189694277593
20190819_12-50-08-839_sgm00090.jpg	0	0	0,49636094238004363
20190819_12-50-08-839_sgm00091.jpg	0	2	0,4927297802620423
20190819_12-50-08-839_sgm00093.jpg	0	0	0,8685462279984907
20190819_12-50-08-839_sgm00094.jpg	0	0	0,8886833193072835
20190819_12-50-08-839_sgm00095.jpg	0	0	0,9468919906847938
20190819_12-50-08-839_sgm00096.jpg	0	0	0,9289294252859138
20190819_12-50-08-839_sgm00097.jpg	0	0	0,9268140612726486
20190819_12-50-08-839_sgm00118.jpg	0	0	0,967821125326849
20190819_12-50-08-839_sgm00119.jpg	0	0	0,9386824514583201
20190819_12-50-08-839_sgm00120.jpg	0	0	0,9446668919954405
20190819_12-50-08-839_sgm00121.jpg	0	0	0,9606824416211645
20190819_12-50-08-839_sgm00122.jpg	0	0	0,976014903625885
20190819_12-50-08-839_sgm00123.jpg	0	0	0,976969849885382
20190819_12-50-08-839_sgm00124.jpg	0	0	0,9394206079519879
20190819_12-50-08-839_sgm00125.jpg	0	0	0,9297585509222096
20190819_12-50-08-839_sgm00126.jpg	0	0	0,9724617808771223
20190819_12-50-08-839_sgm00127.jpg	0	0	0,9195713974844097
20190819_12-50-08-839_sgm00168.jpg	0	0	0,9068077247093711
20190819_12-50-08-839_sgm00169.jpg	0	0	0,8036364489759377
20190819_12-50-08-839_sgm00171.jpg	0	0	0,9197957445963658
20190819_12-50-08-839_sgm00174.jpg	0	0	0,7994719369871435
20190819_12-50-08-839_sgm00177.jpg	0	0	0,9404372392162185
20190819_12-50-08-839_sgm00189.jpg	0	0	0,8773032689871559
20190819_12-50-08-839_sgm00190.jpg	0	0	0,9295188161687159
20190819_12-50-08-839_sgm00191.jpg	0	0	0,9354886367341125
20190819_12-50-08-839_sgm00192.jpg	0	0	0,9200582387110577
20190819_12-50-08-839_sgm00193.jpg	0	0	0,9660348434694015
20190819_12-50-08-839_sgm00195.jpg	0	0	0,8876677963608123
20190819_12-50-08-839_sgm00196.jpg	0	0	0,6942424504890228
20190819_12-50-08-839_sgm00197.jpg	0	0	0,8746309322688908
20190819_12-50-08-839_sgm00344.jpg	0	1	0,4009507380254229
20190819_12-50-08-839_sgm00395.jpg	0	0	0,4704579742106034
20190819_12-50-08-839_sgm00396.jpg	0	0	0,5815131412520183
20190819_12-50-08-839_sgm00397.jpg	0	0	0,5985958044121783
20190819_12-50-08-839_sgm00402.jpg	0	0	0,43642478490179265
20190819_12-50-08-839_sgm00403.jpg	0	0	0,727716756241434
20190819_12-50-08-839_sgm00404.jpg	0	0	0,6294828434271768
20190819_12-50-08-839_sgm00406.jpg	0	1	0,43080245842751247
20190819_12-50-08-839_sgm00408.jpg	0	0	0,6173173488833074
20190819_12-50-08-839_sgm00409.jpg	0	0	0,8721584991649634
20190819_12-50-08-839_sgm00413.jpg	0	0	0,8086685141594051
20190819_12-50-08-839_sgm00499.jpg	0	2	0,7400366180329455
20190819_12-50-08-839_sgm00704.jpg	0	1	0,5242701686903668
20190819_12-50-08-839_sgm00711.jpg	0	1	0,5687446115720799
20190819_12-50-08-839_sgm00712.jpg	0	1	0,4427387256920086
20190819_12-50-08-839_sgm00744.jpg	0	2	0,6749505511809042
20190819_12-50-08-839_sgm00745.jpg	0	2	0,513556397626882
20190819_12-50-08-839_sgm00781.jpg	0	1	0,5328573527028371
20190819_12-50-08-839_sgm00782.jpg	0	2	0,49345990496462433
20190819_12-50-08-839_sgm00855.jpg	0	1	0,45137969590897514
20190819_12-50-08-839_sgm00874.jpg	0	1	0,5772866033728119
20190819_12-50-08-839_sgm00883.jpg	0	0	0,503018842279355
20190819_12-50-08-839_sgm00884.jpg	0	1	0,5083966713027478
20190819_12-50-08-839_sgm00893.jpg	0	0	0,4773638060235992
20190819_12-50-08-839_sgm00895.jpg	0	1	0,42883421794208887
20190819_12-50-08-839_sgm00898.jpg	0	1	0,42691481665137776
20190819_12-50-08-839_sgm00915.jpg	0	1	0,524948584194173
20190819_12-50-08-839_sgm00936.jpg	0	1	0,618106848090133
20190819_12-50-08-839_sgm00937.jpg	0	1	0,6429512386027336
20190819_12-50-08-839_sgm00938.jpg	0	1	0,659972378837252
20190819_12-50-08-839_sgm00984.jpg	0	1	0,6725800363200536
20190819_12-50-08-839_sgm00985.jpg	0	1	0,5653298019829316
20190819_12-50-08-839_sgm01061.jpg	0	1	0,6848190357654674
20190819_12-50-08-839_sgm01062.jpg	0	1	0,556867173075974
20190819_12-50-08-839_sgm01065.jpg	0	1	0,5028144347953615
20190819_12-50-08-839_sgm01070.jpg	0	1	0,5647812569391308
20190819_12-50-08-839_sgm01072.jpg	0	1	0,5967980710972504
20190819_12-50-08-839_sgm01073.jpg	0	1	0,6057999612609466
20190819_12-50-08-839_sgm01097.jpg	0	1	0,7087554189700515
20190819_12-50-08-839_sgm01100.jpg	0	1	0,8007694036321635
20190819_12-50-08-839_sgm01101.jpg	0	1	0,8696831542564644
20190819_12-50-08-839_sgm01138.jpg	0	1	0,7431081964448162
20190819_12-50-08-839_sgm01146.jpg	0	1	0,8261060477910035
20190819_12-50-08-839_sgm01147.jpg	0	1	0,8848219023418723
20190819_12-50-08-839_sgm01152.jpg	0	1	0,7174355446753885
20190819_12-50-08-839_sgm01244.jpg	0	1	0,5803118244536984
20190819_12-50-08-839_sgm01245.jpg	0	1	0,5482192719356266
20190819_12-50-08-839_sgm01246.jpg	0	1	0,6324745039954794
20190819_12-50-08-839_sgm01249.jpg	0	1	0,574777225300614
20190819_12-50-08-839_sgm01250.jpg	0	1	0,5286828611250981
20190819_12-50-08-839_sgm01251.jpg	0	1	0,5587374490507084
20190819_12-50-08-839_sgm01253.jpg	0	1	0,6295586198322722
20190819_12-50-08-839_sgm01255.jpg	0	1	0,6030483709608848
20190819_12-50-08-839_sgm01256.jpg	0	1	0,5564342870888487
20190819_12-50-08-839_sgm01259.jpg	0	1	0,6734714418286739
20190819_12-50-08-839_sgm01395.jpg	0	1	0,47918791082481094
20190819_12-50-08-839_sgm01401.jpg	0	1	0,5453071999791592
20190819_12-50-08-839_sgm01445.jpg	0	1	0,5126329800078568
20190819_12-50-08-839_sgm01446.jpg	0	1	0,5807608977993005
20190819_12-50-08-839_sgm01448.jpg	0	1	0,5029861326978811
20190819_12-50-08-839_sgm01449.jpg	0	1	0,5949825430993123
20190819_12-50-08-839_sgm01450.jpg	0	1	0,5363364613512419
20190819_12-50-08-839_sgm01452.jpg	0	1	0,6849882080879096
20190819_12-50-08-839_sgm01454.jpg	0	1	0,5320675717318476
20190819_12-50-08-839_sgm01457.jpg	0	1	0,5027008910002155
20190819_12-50-08-839_sgm01461.jpg	0	1	0,5641317887845101
20190819_12-50-08-839_sgm01462.jpg	0	1	0,5658070078474199
20190819_12-50-08-839_sgm01554.jpg	0	0	0,8757544084854093
20190819_12-50-08-839_sgm01555.jpg	0	0	0,5172326024831113
20190819_12-50-08-839_sgm01557.jpg	0	0	0,49511554121061885
20190819_12-50-08-839_sgm01558.jpg	0	0	0,45323532453427035
20190819_12-50-08-839_sgm01561.jpg	0	0	0,7557554958477395
20190819_12-50-08-839_sgm01563.jpg	0	0	0,831326983554062
20190819_13-39-58-707_sgm00011.jpg	0	0	0,9136511917002431
20190819_13-39-58-707_sgm00012.jpg	0	0	0,91908184880976
20190819_13-39-58-707_sgm00013.jpg	0	0	0,9243288661448144
20190819_13-39-58-707_sgm00079.jpg	0	0	0,8983166061168084
20190819_13-39-58-707_sgm00080.jpg	0	0	0,6500117211239601
20190819_13-39-58-707_sgm00081.jpg	0	0	0,9119459736975052
20190819_13-39-58-707_sgm00082.jpg	0	0	0,6485196334952975
20190819_13-39-58-707_sgm00083.jpg	0	0	0,6790153097279994
20190819_13-48-34-589_sgm00026.jpg	0	0	0,6770358793492657
20190819_13-48-34-589_sgm00074.jpg	0	1	0,5977894653634582
20190819_13-48-34-589_sgm00087.jpg	0	1	0,5210298654484915
20190819_13-57-11-762_sgm00108.jpg	0	0	0,7200915094168653
20190819_13-57-11-762_sgm00110.jpg	0	0	0,902481797029142
20190819_13-57-11-762_sgm00116.jpg	0	0	0,9852433276176271
20190819_13-57-11-762_sgm00192.jpg	0	0	0,9529253975737442
20190819_13-57-11-762_sgm00193.jpg	0	0	0,9305148350835075
20190819_13-57-11-762_sgm00195.jpg	0	0	0,9562475493586562
20190819_13-57-11-762_sgm00196.jpg	0	0	0,9836621660761682
20190819_13-57-11-762_sgm00197.jpg	0	0	0,8853686831208085
20190819_13-57-11-762_sgm00249.jpg	0	2	0,38626659544739533
20190819_14-39-18-092_sgm00056.jpg	0	0	0,6463030800627485
20190819_14-39-18-092_sgm00057.jpg	0	0	0,4416068344404605
20190819_14-39-18-092_sgm00058.jpg	0	0	0,5230678715913573
20190819_14-39-18-092_sgm00059.jpg	0	1	0,45666987546573407
20190819_14-39-18-092_sgm00061.jpg	0	0	0,4701747003679924
20190819_14-39-18-092_sgm00109.jpg	0	0	0,9373138052622758
20190819_14-39-18-092_sgm00110.jpg	0	0	0,8317403535992782
20190819_14-39-18-092_sgm00111.jpg	0	0	0,8812962757101861
20190819_14-39-18-092_sgm00112.jpg	0	0	0,6165381370284229
20190819_14-39-18-092_sgm00114.jpg	0	0	0,8873838388396845
20190819_14-39-18-092_sgm00139.jpg	0	0	0,8400460229979572
20190819_14-39-18-092_sgm00141.jpg	0	1	0,5477281694599283
20190819_14-39-18-092_sgm00144.jpg	0	0	0,9178741620350045
20190819_14-39-18-092_sgm00145.jpg	0	0	0,9275608459289804
20190819_14-39-18-092_sgm00146.jpg	0	0	0,931455074974154
20190819_14-39-18-092_sgm00147.jpg	0	0	0,8675218116359013
20190819_14-39-18-092_sgm00148.jpg	0	0	0,8268258525369416
20190819_14-39-18-092_sgm00179.jpg	0	0	0,9637390189144811
20190819_14-39-18-092_sgm00180.jpg	0	0	0,9523922417348181
20190819_14-39-18-092_sgm00181.jpg	0	0	0,9865052148038569
20190819_14-39-18-092_sgm00182.jpg	0	0	0,9572721058296113
20190819_14-39-18-092_sgm00183.jpg	0	0	0,9830792076054132
20190819_14-39-18-092_sgm00184.jpg	0	0	0,8211165582535785
20190819_14-39-18-092_sgm00185.jpg	0	0	0,9656138371031036
20190819_14-39-18-092_sgm00186.jpg	0	0	0,9248712356976779
20190819_14-39-18-092_sgm00187.jpg	0	0	0,6708402675393099
20190819_14-39-18-092_sgm00188.jpg	0	0	0,7142972262406396
20190819_14-39-18-092_sgm00199.jpg	0	0	0,9624441083127097
20190819_14-39-18-092_sgm00200.jpg	0	0	0,9409185685902102
20190819_14-39-18-092_sgm00201.jpg	0	0	0,9190981601601549
20190819_14-39-18-092_sgm00204.jpg	0	0	0,9346708218020708
20190819_14-39-18-092_sgm00205.jpg	0	0	0,9752265307063304
20190819_14-39-18-092_sgm00206.jpg	0	0	0,8316182331035125
20190814_14-44-24-433_sgm00056.jpg	1	0	0,5490921977202373
20190814_14-44-24-433_sgm00057.jpg	1	0	0,7350207420043421
20190814_14-44-24-433_sgm00058.jpg	1	0	0,6334746412921115
20190814_14-44-24-433_sgm00059.jpg	1	0	0,710651630551013
20190814_14-44-24-433_sgm00060.jpg	1	0	0,6621037313557193
20190814_14-44-24-433_sgm00061.jpg	1	0	0,7084701951151907
20190814_14-44-24-433_sgm00064.jpg	1	0	0,5683330133596824
20190814_14-44-24-433_sgm00096.jpg	1	1	0,598315218469507
20190814_14-44-24-433_sgm00099.jpg	1	1	0,4944713772914966
20190814_14-44-24-433_sgm00100.jpg	1	0	0,6704674092822159
20190814_14-44-24-433_sgm00101.jpg	1	0	0,5104396590001319
20190814_14-44-24-433_sgm00187.jpg	1	0	0,5279044592187985
20190814_14-44-24-433_sgm00189.jpg	1	1	0,5226359330054968
20190814_14-44-24-433_sgm00195.jpg	1	1	0,588423877805968
20190814_14-44-24-433_sgm00196.jpg	1	0	0,778414292044548
20190814_14-44-24-433_sgm00198.jpg	1	0	0,6669748421979451
20190814_14-44-24-433_sgm00199.jpg	1	1	0,5201504560019765
20190814_14-44-24-433_sgm00201.jpg	1	1	0,49492847563930675
20190814_14-44-24-433_sgm00202.jpg	1	1	0,5018350088230156
20190814_14-44-24-433_sgm00215.jpg	1	1	0,46101249180572157
20190814_14-44-24-433_sgm00216.jpg	1	1	0,6785247785789598
20190814_14-44-24-433_sgm00218.jpg	1	1	0,6571941763174631
20190814_14-44-24-433_sgm00219.jpg	1	1	0,6494489992511198
20190814_14-44-24-433_sgm00221.jpg	1	1	0,5742057888072611
20190814_14-44-24-433_sgm00223.jpg	1	1	0,6258582589297651
20190814_14-44-24-433_sgm00276.jpg	1	2	0,4792101324400517
20190814_14-44-24-433_sgm00277.jpg	1	1	0,5252166774056881
20190814_14-44-24-433_sgm00280.jpg	1	0	0,4417734566558521
20190814_14-44-24-433_sgm00281.jpg	1	1	0,3978207688902682
20190814_14-44-24-433_sgm00506.jpg	1	1	0,38012672859521857
20190814_14-44-24-433_sgm00507.jpg	1	1	0,4164614067533303
20190814_14-44-24-433_sgm00508.jpg	1	0	0,5059045153111559
20190814_14-44-24-433_sgm00509.jpg	1	0	0,440248143505813
20190814_14-44-24-433_sgm00514.jpg	1	2	0,5486990081067914
20190814_14-44-24-433_sgm00517.jpg	1	0	0,5514399373947441
20190814_14-44-24-433_sgm00518.jpg	1	0	0,3828170635472919
20190814_14-44-24-433_sgm00519.jpg	1	2	0,39756971471262365
20190814_14-44-24-433_sgm00520.jpg	1	2	0,5587375156574068
20190814_14-44-24-433_sgm00522.jpg	1	0	0,5067250441481935
20190814_14-44-24-433_sgm00523.jpg	1	2	0,5682355286442248
20190814_14-44-24-433_sgm00529.jpg	1	1	0,4758756149405986
20190814_14-44-24-433_sgm00530.jpg	1	2	0,39106781102809907
20190814_14-44-24-433_sgm00531.jpg	1	0	0,370887780507421
20190814_14-44-24-433_sgm00532.jpg	1	0	0,5758059265272517
20190814_14-44-24-433_sgm00533.jpg	1	0	0,6264462790964844
20190814_14-44-24-433_sgm00534.jpg	1	0	0,40345818844957937
20190814_14-44-24-433_sgm00535.jpg	1	2	0,5127951626699807
20190814_14-44-24-433_sgm00556.jpg	1	1	0,35545878048685564
20190814_14-44-24-433_sgm00557.jpg	1	1	0,4690957322334747
20190814_14-44-24-433_sgm00560.jpg	1	0	0,510410026324686
20190814_14-44-24-433_sgm00561.jpg	1	0	0,589038323053188
20190814_14-44-24-433_sgm00564.jpg	1	1	0,5146345528265368
20190814_14-44-24-433_sgm00596.jpg	1	0	0,5649443132202889
20190814_14-44-24-433_sgm00598.jpg	1	0	0,6075358678640235
20190814_14-44-24-433_sgm00599.jpg	1	1	0,41873345337784795
20190814_14-44-24-433_sgm00600.jpg	1	0	0,6712358777158802
20190814_14-44-24-433_sgm00602.jpg	1	0	0,5172030686983426
20190814_14-44-24-433_sgm00605.jpg	1	0	0,5787889922090024
20190814_14-44-24-433_sgm00636.jpg	1	1	0,4904102029664789
20190814_14-44-24-433_sgm00637.jpg	1	1	0,5038319279960624
20190814_14-44-24-433_sgm00638.jpg	1	1	0,40904491351575933
20190814_14-44-24-433_sgm00640.jpg	1	0	0,5522727931269625
20190814_14-44-24-433_sgm00643.jpg	1	2	0,3822754132296991
20190814_14-44-24-433_sgm00656.jpg	1	1	0,7381918749069051
20190814_14-44-24-433_sgm00657.jpg	1	1	0,7212484666431854
20190814_14-44-24-433_sgm00659.jpg	1	1	0,7594498433954313
20190814_14-44-24-433_sgm00660.jpg	1	1	0,8179011050291785
20190814_14-44-24-433_sgm00661.jpg	1	1	0,8218121401196852
20190814_14-44-24-433_sgm00662.jpg	1	1	0,6564623451597906
20190814_14-44-24-433_sgm00665.jpg	1	1	0,6073654058767892
20190814_14-44-24-433_sgm00706.jpg	1	1	0,734866982706765
20190814_14-44-24-433_sgm00707.jpg	1	1	0,8265780964434023
20190814_14-44-24-433_sgm00708.jpg	1	1	0,7223592091470347
20190814_14-44-24-433_sgm00709.jpg	1	1	0,6141991126251706
20190814_14-44-24-433_sgm00710.jpg	1	1	0,6818245314666372
20190814_14-44-24-433_sgm00711.jpg	1	1	0,6544610401249248
20190814_14-44-24-433_sgm00712.jpg	1	1	0,839910768040842
20190814_14-44-24-433_sgm00714.jpg	1	1	0,8601682875869295
20190814_14-44-24-433_sgm00715.jpg	1	1	0,7932422291931028
20190814_14-44-24-433_sgm00767.jpg	1	1	0,49910259315719296
20190814_14-44-24-433_sgm00768.jpg	1	1	0,6533840718090947
20190814_14-44-24-433_sgm00771.jpg	1	1	0,6807800129385344
20190814_14-44-24-433_sgm00772.jpg	1	1	0,7208542293722041
20190814_14-44-24-433_sgm00773.jpg	1	1	0,6962447348186103
20190814_14-44-24-433_sgm00774.jpg	1	1	0,6819328454265272
20190814_14-44-24-433_sgm00775.jpg	1	1	0,6359897939837361
20190814_14-44-24-433_sgm00836.jpg	1	1	0,8088057402886629
20190814_14-44-24-433_sgm00837.jpg	1	1	0,7939049825326479
20190814_14-44-24-433_sgm00839.jpg	1	1	0,703411404172251
20190814_14-44-24-433_sgm00840.jpg	1	1	0,7673862917406447
20190814_14-44-24-433_sgm00841.jpg	1	1	0,8272030248203448
20190814_14-44-24-433_sgm00842.jpg	1	1	0,8342611059414596
20190814_14-44-24-433_sgm00843.jpg	1	1	0,8322626972216828
20190814_14-44-24-433_sgm00844.jpg	1	1	0,6943147452433716
20190814_14-44-24-433_sgm00845.jpg	1	1	0,6462237667614752
20190814_14-44-24-433_sgm00876.jpg	1	1	0,7791427076543442
20190814_14-44-24-433_sgm00877.jpg	1	1	0,5700931833432347
20190814_14-44-24-433_sgm00878.jpg	1	1	0,629774723663822
20190814_14-44-24-433_sgm00879.jpg	1	1	0,5166968482271447
20190814_14-44-24-433_sgm00882.jpg	1	1	0,805691919434121
20190814_14-44-24-433_sgm00883.jpg	1	1	0,643857887623752
20190814_14-44-24-433_sgm00884.jpg	1	1	0,6086854163511635
20190814_14-44-24-433_sgm00885.jpg	1	1	0,6566363909190666
20190814_14-44-24-433_sgm00956.jpg	1	1	0,5719668657615629
20190814_14-44-24-433_sgm00957.jpg	1	1	0,499374512036991
20190814_14-44-24-433_sgm00961.jpg	1	1	0,5025413317493421
20190814_14-44-24-433_sgm00962.jpg	1	1	0,6007284229565355
20190814_14-44-24-433_sgm00963.jpg	1	1	0,49313761981658566
20190814_14-44-24-433_sgm00966.jpg	1	0	0,49843835738160874
20190814_14-44-24-433_sgm00968.jpg	1	1	0,6320701858046004
20190814_14-44-24-433_sgm00970.jpg	1	1	0,4876591813728197
20190814_14-44-24-433_sgm00971.jpg	1	1	0,5038572745638953
20190814_14-44-24-433_sgm00972.jpg	1	1	0,5839110591560395
20190814_14-44-24-433_sgm00973.jpg	1	1	0,5478653046248784
20190814_14-44-24-433_sgm00974.jpg	1	0	0,48791451241174755
20190814_14-44-24-433_sgm00975.jpg	1	1	0,5789664797641836
20190814_14-44-24-433_sgm01126.jpg	1	1	0,7270690610609964
20190814_14-44-24-433_sgm01128.jpg	1	1	0,8592402627725768
20190814_14-44-24-433_sgm01129.jpg	1	1	0,6762815096784371
20190814_14-44-24-433_sgm01130.jpg	1	1	0,7444388539442981
20190814_14-44-24-433_sgm01132.jpg	1	1	0,6211032479573796
20190814_14-44-24-433_sgm01134.jpg	1	1	0,7136362080940304
20190814_14-44-24-433_sgm01135.jpg	1	1	0,7483179208772379
20190814_14-44-24-433_sgm01136.jpg	1	1	0,6310323201850844
20190814_14-44-24-433_sgm01138.jpg	1	1	0,7014394103584312
20190814_14-44-24-433_sgm01139.jpg	1	1	0,6652101991873584
20190814_14-44-24-433_sgm01140.jpg	1	1	0,659023083214813
20190814_14-44-24-433_sgm01141.jpg	1	1	0,5656353076015018
20190814_14-44-24-433_sgm01143.jpg	1	1	0,6967603484443751
20190814_14-44-24-433_sgm01145.jpg	1	1	0,7682960460747374
20190814_14-44-24-433_sgm01196.jpg	1	1	0,6993031755749748
20190814_14-44-24-433_sgm01197.jpg	1	1	0,6166725594529932
20190814_14-44-24-433_sgm01198.jpg	1	1	0,5952202684506737
20190814_14-44-24-433_sgm01199.jpg	1	1	0,6387751534717178
20190814_14-44-24-433_sgm01201.jpg	1	1	0,6213199120048242
20190814_14-44-24-433_sgm01202.jpg	1	1	0,5056806996163149
20190814_14-44-24-433_sgm01203.jpg	1	1	0,49340702411905396
20190814_14-44-24-433_sgm01204.jpg	1	1	0,5766206582112394
20190814_14-44-24-433_sgm01205.jpg	1	1	0,6187944632532905
20190814_14-44-24-433_sgm01266.jpg	1	1	0,5914762968147428
20190814_14-44-24-433_sgm01267.jpg	1	1	0,5653035194939121
20190814_14-44-24-433_sgm01270.jpg	1	1	0,5857161589234893
20190814_14-44-24-433_sgm01271.jpg	1	1	0,5432649797942699
20190814_14-44-24-433_sgm01272.jpg	1	0	0,49956799250645173
20190814_14-44-24-433_sgm01275.jpg	1	1	0,6732061753626611
20190814_14-44-24-433_sgm01326.jpg	1	1	0,5860573077372253
20190814_14-44-24-433_sgm01327.jpg	1	1	0,5640074577001213
20190814_14-44-24-433_sgm01328.jpg	1	1	0,5596203181972537
20190814_14-44-24-433_sgm01329.jpg	1	1	0,5206494155865635
20190814_14-44-24-433_sgm01332.jpg	1	1	0,5265799447462937
20190814_14-44-24-433_sgm01333.jpg	1	1	0,5383837947822371
20190814_14-44-24-433_sgm01334.jpg	1	0	0,38075648873797835
20190816_10-30-47-864_sgm00023.jpg	1	1	0,5567295434013093
20190816_10-30-47-864_sgm00024.jpg	1	0	0,4974947355251858
20190816_10-30-47-864_sgm00025.jpg	1	0	0,55418048681629
20190816_10-30-47-864_sgm00028.jpg	1	0	0,705300864318106
20190816_10-30-47-864_sgm00031.jpg	1	0	0,6220778211444117
20190816_10-30-47-864_sgm00032.jpg	1	0	0,46186874621819424
20190816_10-30-47-864_sgm00033.jpg	1	0	0,3978999510226022
20190816_10-30-47-864_sgm00034.jpg	1	2	0,6117763893396918
20190816_10-30-47-864_sgm00035.jpg	1	2	0,5760654838813053
20190816_10-30-47-864_sgm00039.jpg	1	0	0,5213435923872406
20190816_10-30-47-864_sgm00041.jpg	1	0	0,5392309673391673
20190816_10-30-47-864_sgm00042.jpg	1	2	0,5766787795749879
20190816_10-30-47-864_sgm00056.jpg	1	0	0,5516126877932003
20190816_10-30-47-864_sgm00062.jpg	1	0	0,5339956342058877
20190816_11-08-09-342_sgm00006.jpg	1	2	0,5429957975241448
20190816_11-08-09-342_sgm00008.jpg	1	2	0,6697445493728096
20190816_11-08-09-342_sgm00009.jpg	1	2	0,5333073704554054
20190816_11-08-09-342_sgm00010.jpg	1	1	0,384163661279407
20190816_11-08-09-342_sgm00012.jpg	1	1	0,44016756527894485
20190816_11-08-09-342_sgm00015.jpg	1	2	0,6214947534859657
20190816_11-08-09-342_sgm00102.jpg	1	2	0,7958973851074531
20190819_10-32-50-611_sgm00088.jpg	1	1	0,632529979650573
20190819_10-32-50-611_sgm00089.jpg	1	1	0,6081292731633127
20190819_10-32-50-611_sgm00090.jpg	1	1	0,6332466427042623
20190819_10-32-50-611_sgm00091.jpg	1	1	0,7001805212397066
20190819_10-32-50-611_sgm00092.jpg	1	1	0,6885662768696016
20190819_10-32-50-611_sgm00093.jpg	1	1	0,6338207881832972
20190819_10-32-50-611_sgm00094.jpg	1	1	0,5574311892324456
20190819_10-32-50-611_sgm00095.jpg	1	1	0,4565125458013514
20190819_10-32-50-611_sgm00096.jpg	1	2	0,6834286235353512
20190819_10-32-50-611_sgm00097.jpg	1	1	0,6680542225792502
20190819_10-32-50-611_sgm00108.jpg	1	1	0,4814519975842313
20190819_10-32-50-611_sgm00109.jpg	1	2	0,47256525790036913
20190819_10-32-50-611_sgm00110.jpg	1	1	0,6121443195081493
20190819_10-32-50-611_sgm00112.jpg	1	1	0,6117292787427256
20190819_10-32-50-611_sgm00113.jpg	1	1	0,6604359757232277
20190819_10-32-50-611_sgm00114.jpg	1	2	0,6067754946083456
20190819_10-32-50-611_sgm00116.jpg	1	1	0,6097633193487546
20190819_10-32-50-611_sgm00117.jpg	1	1	0,5188012055615985
20190819_10-32-50-611_sgm00179.jpg	1	1	0,616243282176129
20190819_10-32-50-611_sgm00180.jpg	1	1	0,7469600717695241
20190819_10-32-50-611_sgm00182.jpg	1	1	0,5212892769914673
20190819_10-32-50-611_sgm00183.jpg	1	1	0,5130773244107761
20190819_10-32-50-611_sgm00184.jpg	1	1	0,5763557663751698
20190819_10-32-50-611_sgm00186.jpg	1	2	0,5215195658963782
20190819_10-32-50-611_sgm00187.jpg	1	1	0,514761653427162
20190819_10-32-50-611_sgm00218.jpg	1	1	0,6576286178776343
20190819_10-32-50-611_sgm00220.jpg	1	1	0,542355023832222
20190819_10-32-50-611_sgm00223.jpg	1	1	0,7219330593260793
20190819_10-32-50-611_sgm00224.jpg	1	1	0,6374307127023988
20190819_10-32-50-611_sgm00225.jpg	1	1	0,48084343695061343
20190819_10-32-50-611_sgm00308.jpg	1	1	0,61065219535446
20190819_10-32-50-611_sgm00309.jpg	1	2	0,5278454331325877
20190819_10-32-50-611_sgm00311.jpg	1	1	0,4834468429178792
20190819_10-32-50-611_sgm00313.jpg	1	1	0,6060173011404277
20190819_10-32-50-611_sgm00314.jpg	1	0	0,49266987117800654
20190819_10-32-50-611_sgm00316.jpg	1	0	0,5092779731357129
20190819_10-32-50-611_sgm00408.jpg	1	1	0,6666008743007842
20190819_10-32-50-611_sgm00409.jpg	1	1	0,6737637592706047
20190819_10-32-50-611_sgm00410.jpg	1	1	0,5132540870264584
20190819_10-32-50-611_sgm00411.jpg	1	1	0,5120234282159548
20190819_10-32-50-611_sgm00412.jpg	1	1	0,5322950392737604
20190819_10-32-50-611_sgm00414.jpg	1	1	0,6059629408024878
20190819_10-32-50-611_sgm00415.jpg	1	1	0,49045489878310117
20190819_10-32-50-611_sgm00416.jpg	1	1	0,5522090016815893
20190819_10-32-50-611_sgm00417.jpg	1	1	0,45927547748982844
20190819_10-32-50-611_sgm00438.jpg	1	1	0,5651185320851009
20190819_10-32-50-611_sgm00439.jpg	1	1	0,566901893586126
20190819_10-32-50-611_sgm00440.jpg	1	1	0,6081689834090294
20190819_10-32-50-611_sgm00443.jpg	1	1	0,6287912966229466
20190819_10-32-50-611_sgm00444.jpg	1	1	0,6344840938888999
20190819_10-32-50-611_sgm00445.jpg	1	1	0,5623920694710175
20190819_10-32-50-611_sgm00446.jpg	1	1	0,5557713609416745
20190819_10-32-50-611_sgm00449.jpg	1	1	0,4926800023495416
20190819_10-32-50-611_sgm00451.jpg	1	1	0,5143667718262792
20190819_10-32-50-611_sgm00452.jpg	1	1	0,6340658490647771
20190819_10-32-50-611_sgm00456.jpg	1	1	0,6308955009000755
20190819_10-32-50-611_sgm00457.jpg	1	1	0,5660264971990804
20190819_10-32-50-611_sgm00468.jpg	1	1	0,5898408034518864
20190819_10-32-50-611_sgm00469.jpg	1	1	0,53634359029479
20190819_10-32-50-611_sgm00470.jpg	1	1	0,6070467688472332
20190819_10-32-50-611_sgm00471.jpg	1	1	0,45555474376589056
20190819_10-32-50-611_sgm00472.jpg	1	1	0,5343587948801262
20190819_10-32-50-611_sgm00473.jpg	1	1	0,4621657475702757
20190819_10-32-50-611_sgm00474.jpg	1	1	0,4979721701509518
20190819_10-32-50-611_sgm00476.jpg	1	1	0,46929904754938506
20190819_10-32-50-611_sgm00588.jpg	1	1	0,6221904765181628
20190819_10-32-50-611_sgm00589.jpg	1	1	0,6422077833419745
20190819_10-32-50-611_sgm00590.jpg	1	1	0,5074573955777545
20190819_10-32-50-611_sgm00591.jpg	1	1	0,6458175495018056
20190819_10-32-50-611_sgm00593.jpg	1	1	0,5487704077875107
20190819_10-32-50-611_sgm00594.jpg	1	1	0,6074226798234963
20190819_10-32-50-611_sgm00595.jpg	1	1	0,5221595318700303
20190819_10-32-50-611_sgm00597.jpg	1	1	0,4831150002570978
20190819_10-32-50-611_sgm00608.jpg	1	1	0,5224394660964496
20190819_10-32-50-611_sgm00609.jpg	1	1	0,5954911683112765
20190819_10-32-50-611_sgm00610.jpg	1	1	0,6902710622798388
20190819_10-32-50-611_sgm00612.jpg	1	1	0,678814130670236
20190819_10-32-50-611_sgm00613.jpg	1	1	0,6982238485023284
20190819_10-32-50-611_sgm00614.jpg	1	1	0,6500518221087367
20190819_10-32-50-611_sgm00615.jpg	1	1	0,47530379215758994
20190819_10-32-50-611_sgm00617.jpg	1	1	0,6368913526294541
20190819_10-32-50-611_sgm00620.jpg	1	1	0,6758046147448863
20190819_10-32-50-611_sgm00621.jpg	1	1	0,5673273339091142
20190819_10-32-50-611_sgm00623.jpg	1	1	0,7189693619739206
20190819_10-32-50-611_sgm00624.jpg	1	1	0,6340688725335614
20190819_10-32-50-611_sgm00625.jpg	1	1	0,6626514876956776
20190819_10-32-50-611_sgm00627.jpg	1	1	0,596624434165188
20190819_10-32-50-611_sgm00708.jpg	1	1	0,631529338763482
20190819_10-32-50-611_sgm00709.jpg	1	1	0,5587688549897043
20190819_10-32-50-611_sgm00710.jpg	1	1	0,5840897692652233
20190819_10-32-50-611_sgm00711.jpg	1	1	0,6104697245183967
20190819_10-32-50-611_sgm00712.jpg	1	1	0,6654644017942907
20190819_10-32-50-611_sgm00713.jpg	1	1	0,6749687958176731
20190819_10-32-50-611_sgm00714.jpg	1	1	0,6467938717244492
20190819_10-32-50-611_sgm00715.jpg	1	1	0,6863375692864186
20190819_10-32-50-611_sgm00716.jpg	1	1	0,6615510256588184
20190819_10-32-50-611_sgm00717.jpg	1	1	0,6214030949318786
20190819_10-32-50-611_sgm00738.jpg	1	1	0,5016446569792943
20190819_10-32-50-611_sgm00739.jpg	1	1	0,6080073493714124
20190819_10-32-50-611_sgm00740.jpg	1	1	0,7129647738601275
20190819_10-32-50-611_sgm00742.jpg	1	1	0,6011600427016883
20190819_10-32-50-611_sgm00744.jpg	1	1	0,4942023344586704
20190819_10-32-50-611_sgm00746.jpg	1	1	0,6278234754679338
20190819_10-32-50-611_sgm00747.jpg	1	1	0,5886775789445658
20190819_10-32-50-611_sgm00878.jpg	1	1	0,5594690026208907
20190819_10-32-50-611_sgm00880.jpg	1	2	0,45710469842802137
20190819_10-32-50-611_sgm00881.jpg	1	2	0,4824150475861833
20190819_10-32-50-611_sgm00883.jpg	1	1	0,5699811276521846
20190819_10-32-50-611_sgm00884.jpg	1	1	0,5380530787867922
20190819_10-32-50-611_sgm00885.jpg	1	1	0,5533092008191789
20190819_10-32-50-611_sgm00887.jpg	1	1	0,5315109071594681
20190819_10-32-50-611_sgm00908.jpg	1	1	0,6479687084219554
20190819_10-32-50-611_sgm00909.jpg	1	1	0,5856584183082058
20190819_10-32-50-611_sgm00910.jpg	1	1	0,5192598720213583
20190819_10-32-50-611_sgm00911.jpg	1	2	0,38491595304970416
20190819_10-32-50-611_sgm00913.jpg	1	0	0,42242952039889875
20190819_10-32-50-611_sgm00914.jpg	1	1	0,5138911696133404
20190819_10-32-50-611_sgm00915.jpg	1	1	0,609754687537415
20190819_10-32-50-611_sgm00917.jpg	1	1	0,5614027250632715
20190819_10-32-50-611_sgm00978.jpg	1	1	0,47218349469128973
20190819_10-32-50-611_sgm00979.jpg	1	1	0,6320547583592898
20190819_10-32-50-611_sgm00980.jpg	1	0	0,5083952167702847
20190819_10-32-50-611_sgm00983.jpg	1	1	0,6116760466756777
20190819_10-32-50-611_sgm00985.jpg	1	0	0,457994750036779
20190819_10-32-50-611_sgm00986.jpg	1	0	0,5719691840142272
20190819_10-32-50-611_sgm00998.jpg	1	0	0,4825176534018368
20190819_10-32-50-611_sgm00999.jpg	1	0	0,42147614653438825
20190819_10-32-50-611_sgm01001.jpg	1	0	0,5326307560187028
20190819_10-32-50-611_sgm01002.jpg	1	0	0,426639832844713
20190819_10-32-50-611_sgm01004.jpg	1	0	0,5380449329509462
20190819_10-32-50-611_sgm01006.jpg	1	1	0,5974762438152517
20190819_10-32-50-611_sgm01007.jpg	1	1	0,4695062009277201
20190819_10-32-50-611_sgm01008.jpg	1	1	0,6936213446009054
20190819_10-32-50-611_sgm01011.jpg	1	1	0,5234057240714095
20190819_10-32-50-611_sgm01012.jpg	1	1	0,4529940913954738
20190819_10-32-50-611_sgm01013.jpg	1	1	0,4818994158969074
20190819_10-32-50-611_sgm01015.jpg	1	1	0,5673563482163464
20190819_10-32-50-611_sgm01018.jpg	1	1	0,7261868066685891
20190819_10-32-50-611_sgm01020.jpg	1	1	0,5158525776480726
20190819_10-32-50-611_sgm01021.jpg	1	1	0,49940383146245665
20190819_10-32-50-611_sgm01022.jpg	1	1	0,4885632094809349
20190819_10-32-50-611_sgm01023.jpg	1	1	0,54085661315215
20190819_10-32-50-611_sgm01024.jpg	1	1	0,45980869496696614
20190819_10-32-50-611_sgm01027.jpg	1	1	0,46888554595725734
20190819_10-32-50-611_sgm01079.jpg	1	1	0,5634181490831104
20190819_10-32-50-611_sgm01080.jpg	1	1	0,7371274771445671
20190819_10-32-50-611_sgm01081.jpg	1	1	0,6138538026836828
20190819_10-32-50-611_sgm01083.jpg	1	1	0,6706236027666234
20190819_10-32-50-611_sgm01084.jpg	1	1	0,5582342956437574
20190819_10-32-50-611_sgm01085.jpg	1	1	0,4968475946425645
20190819_10-32-50-611_sgm01086.jpg	1	0	0,49714477538932983
20190819_10-32-50-611_sgm01087.jpg	1	1	0,6220314559235594
20190819_10-32-50-611_sgm01088.jpg	1	1	0,49411732957635346
20190819_10-32-50-611_sgm01150.jpg	1	1	0,47646962383091446
20190819_10-32-50-611_sgm01153.jpg	1	1	0,6012627816253857
20190819_10-32-50-611_sgm01155.jpg	1	2	0,5079951965552101
20190819_10-32-50-611_sgm01170.jpg	1	1	0,4570280903246282
20190819_10-32-50-611_sgm01172.jpg	1	1	0,5801417393041214
20190819_10-32-50-611_sgm01177.jpg	1	1	0,6318943465473912
20190819_10-32-50-611_sgm01231.jpg	1	0	0,5200446832145613
20190819_10-32-50-611_sgm01232.jpg	1	2	0,39761042824591813
20190819_10-32-50-611_sgm01235.jpg	1	1	0,5566172943744316
20190819_10-32-50-611_sgm01236.jpg	1	1	0,6611275090964831
20190819_10-32-50-611_sgm01260.jpg	1	2	0,5723406348589143
20190819_10-32-50-611_sgm01261.jpg	1	2	0,5803464147647154
20190819_10-32-50-611_sgm01262.jpg	1	2	0,4552191998061227
20190819_10-32-50-611_sgm01263.jpg	1	2	0,6117748578236054
20190819_10-32-50-611_sgm01266.jpg	1	2	0,548309335532453
20190819_10-32-50-611_sgm01280.jpg	1	0	0,5704177866465869
20190819_10-32-50-611_sgm01282.jpg	1	2	0,48714517440443145
20190819_10-32-50-611_sgm01288.jpg	1	2	0,7680353392082397
20190819_10-32-50-611_sgm01461.jpg	1	0	0,6664297087678499
20190819_11-15-57-991_sgm00049.jpg	1	0	0,7828626335747975
20190819_11-15-57-991_sgm00052.jpg	1	2	0,44983799952521947
20190819_11-15-57-991_sgm00053.jpg	1	2	0,6488847340106867
20190819_11-15-57-991_sgm00054.jpg	1	0	0,5269164853216123
20190819_11-15-57-991_sgm00055.jpg	1	0	0,5223030603607662
20190819_11-15-57-991_sgm00056.jpg	1	0	0,5342418216573678
20190819_11-15-57-991_sgm00057.jpg	1	2	0,47816537611454135
20190819_11-15-57-991_sgm00076.jpg	1	2	0,469548879611622
20190819_11-15-57-991_sgm00078.jpg	1	0	0,6116083465543968
20190819_11-15-57-991_sgm00089.jpg	1	1	0,44095563945782695
20190819_11-15-57-991_sgm00092.jpg	1	0	0,9123443966448496
20190819_11-15-57-991_sgm00093.jpg	1	0	0,8324234137148013
20190819_11-15-57-991_sgm00095.jpg	1	2	0,8444823514202352
20190819_11-15-57-991_sgm00096.jpg	1	1	0,4172296675425846
20190819_11-15-57-991_sgm00111.jpg	1	0	0,6627887741087938
20190819_11-15-57-991_sgm00115.jpg	1	0	0,8613412860650026
20190819_11-15-57-991_sgm00116.jpg	1	0	0,7071020811551618
20190819_11-15-57-991_sgm00118.jpg	1	0	0,7546129441038038
20190819_11-15-57-991_sgm00124.jpg	1	2	0,46208393955267646
20190819_11-15-57-991_sgm00125.jpg	1	2	0,6365690635910445
20190819_11-15-57-991_sgm00128.jpg	1	2	0,8944795398500283
20190819_11-15-57-991_sgm00140.jpg	1	2	0,6974475750999747
20190819_11-15-57-991_sgm00142.jpg	1	2	0,815059669119489
20190819_11-15-57-991_sgm00184.jpg	1	2	0,7729649995615143
20190819_11-15-57-991_sgm00185.jpg	1	0	0,8150313952688281
20190819_11-15-57-991_sgm00186.jpg	1	2	0,37127684012497236
20190819_11-15-57-991_sgm00187.jpg	1	0	0,45753720826910116
20190819_11-15-57-991_sgm00201.jpg	1	0	0,6110879585210526
20190819_11-15-57-991_sgm00202.jpg	1	0	0,7795216615783342
20190819_11-15-57-991_sgm00204.jpg	1	0	0,5419528973068184
20190819_11-15-57-991_sgm00205.jpg	1	2	0,8806554799782057
20190819_11-15-57-991_sgm00209.jpg	1	0	0,8492521586565176
20190819_11-15-57-991_sgm00210.jpg	1	0	0,7343207622768018
20190819_11-15-57-991_sgm00213.jpg	1	2	0,5415585899858881
20190819_11-15-57-991_sgm00214.jpg	1	0	0,802862678356347
20190819_11-15-57-991_sgm00218.jpg	1	2	0,896085445389355
20190819_12-00-05-082_sgm00103.jpg	1	0	0,45809778659596356
20190819_12-00-05-082_sgm00105.jpg	1	1	0,44391479283587304
20190819_12-00-05-082_sgm00106.jpg	1	1	0,5118226527378803
20190819_12-00-05-082_sgm00107.jpg	1	1	0,5200800210847552
20190819_12-00-05-082_sgm00108.jpg	1	1	0,4644098863290105
20190819_12-00-05-082_sgm00119.jpg	1	0	0,5028488416194994
20190819_12-00-05-082_sgm00124.jpg	1	1	0,5311812469143795
20190819_12-00-05-082_sgm00126.jpg	1	1	0,5877756689548472
20190819_12-00-05-082_sgm00149.jpg	1	1	0,4435211724460196
20190819_12-00-05-082_sgm00150.jpg	1	1	0,4579316399888906
20190819_12-00-05-082_sgm00151.jpg	1	1	0,5585127299627358
20190819_12-00-05-082_sgm00153.jpg	1	1	0,45054543823460885
20190819_12-00-05-082_sgm00155.jpg	1	0	0,44828075377292004
20190819_12-00-05-082_sgm00156.jpg	1	1	0,4474467296512437
20190819_12-00-05-082_sgm00157.jpg	1	1	0,43506723012962367
20190819_12-00-05-082_sgm00158.jpg	1	1	0,48400264197502085
20190819_12-00-05-082_sgm00159.jpg	1	0	0,4042795405086186
20190819_12-00-05-082_sgm00160.jpg	1	1	0,4092889179364284
20190819_12-00-05-082_sgm00162.jpg	1	0	0,4397172444236336
20190819_12-00-05-082_sgm00165.jpg	1	1	0,4346874140150037
20190819_12-00-05-082_sgm00166.jpg	1	0	0,4796474623168509
20190819_12-00-05-082_sgm00168.jpg	1	1	0,42744607993754286
20190819_12-00-05-082_sgm00282.jpg	1	2	0,748968942635515
20190819_12-00-05-082_sgm00283.jpg	1	2	0,4945107250326804
20190819_12-00-05-082_sgm00284.jpg	1	2	0,611290434874947
20190819_12-00-05-082_sgm00285.jpg	1	2	0,7472907897456723
20190819_12-00-05-082_sgm00286.jpg	1	2	0,751664692234989
20190819_12-00-05-082_sgm00350.jpg	1	1	0,5149250006122216
20190819_12-00-05-082_sgm00351.jpg	1	1	0,6297215352743463
20190819_12-00-05-082_sgm00352.jpg	1	1	0,6197328696498762
20190819_12-00-05-082_sgm00353.jpg	1	1	0,5622585369470602
20190819_12-00-05-082_sgm00357.jpg	1	1	0,5053667588787245
20190819_12-00-05-082_sgm00399.jpg	1	0	0,6546424567324662
20190819_12-00-05-082_sgm00400.jpg	1	0	0,5922292880231851
20190819_12-00-05-082_sgm00403.jpg	1	1	0,5419922113740834
20190819_12-00-05-082_sgm00404.jpg	1	1	0,6816645306012598
20190819_12-00-05-082_sgm00405.jpg	1	1	0,5221244572767447
20190819_12-00-05-082_sgm00406.jpg	1	1	0,5551651114981575
20190819_12-00-05-082_sgm00407.jpg	1	1	0,5444777738310016
20190819_12-00-05-082_sgm00460.jpg	1	0	0,5734666213248273
20190819_12-00-05-082_sgm00461.jpg	1	1	0,5374155752515394
20190819_12-00-05-082_sgm00462.jpg	1	0	0,572843835113909
20190819_12-00-05-082_sgm00465.jpg	1	0	0,505458218171552
20190819_12-00-05-082_sgm00466.jpg	1	0	0,6336490129946852
20190819_12-00-05-082_sgm00467.jpg	1	0	0,8256607080952896
20190819_12-00-05-082_sgm00468.jpg	1	1	0,5460635776573878
20190819_12-00-05-082_sgm00529.jpg	1	1	0,5930927100340934
20190819_12-00-05-082_sgm00530.jpg	1	1	0,46645649211525486
20190819_12-00-05-082_sgm00531.jpg	1	1	0,5162518000831445
20190819_12-00-05-082_sgm00532.jpg	1	1	0,5724503906347752
20190819_12-00-05-082_sgm00533.jpg	1	1	0,48953505682041737
20190819_12-00-05-082_sgm00535.jpg	1	1	0,48507137022179714
20190819_12-00-05-082_sgm00537.jpg	1	1	0,5104517985497312
20190819_12-00-05-082_sgm00538.jpg	1	1	0,5196933880394479
20190819_12-00-05-082_sgm00551.jpg	1	1	0,6011456742691521
20190819_12-00-05-082_sgm00552.jpg	1	1	0,5986498963569065
20190819_12-00-05-082_sgm00553.jpg	1	1	0,472109987424938
20190819_12-00-05-082_sgm00554.jpg	1	1	0,5263464173881633
20190819_12-00-05-082_sgm00556.jpg	1	1	0,48227075195358904
20190819_12-00-05-082_sgm00557.jpg	1	1	0,7119314679119534
20190819_12-00-05-082_sgm00558.jpg	1	1	0,5605958957283388
20190819_12-00-05-082_sgm00650.jpg	1	1	0,6553387046031327
20190819_12-00-05-082_sgm00651.jpg	1	0	0,4894411400356537
20190819_12-00-05-082_sgm00652.jpg	1	0	0,4816961829543276
20190819_12-00-05-082_sgm00653.jpg	1	1	0,44947617725591477
20190819_12-00-05-082_sgm00654.jpg	1	1	0,49078607868946705
20190819_12-00-05-082_sgm00655.jpg	1	1	0,48030019762268555
20190819_12-00-05-082_sgm00656.jpg	1	0	0,5099576268151045
20190819_12-00-05-082_sgm00657.jpg	1	1	0,5195100106763642
20190819_12-00-05-082_sgm00719.jpg	1	0	0,5460085418888613
20190819_12-00-05-082_sgm00720.jpg	1	0	0,5465648503608223
20190819_12-00-05-082_sgm00724.jpg	1	0	0,6002603318816976
20190819_12-00-05-082_sgm00725.jpg	1	0	0,5032379703639478
20190819_12-00-05-082_sgm00726.jpg	1	0	0,7648151385482859
20190819_12-00-05-082_sgm00727.jpg	1	0	0,5611709467310476
20190819_12-00-05-082_sgm00728.jpg	1	1	0,4935731855117287
20190819_12-00-05-082_sgm00739.jpg	1	2	0,4845688133338646
20190819_12-00-05-082_sgm00741.jpg	1	1	0,4715726515954249
20190819_12-00-05-082_sgm00742.jpg	1	1	0,4532731199978671
20190819_12-00-05-082_sgm00743.jpg	1	1	0,3837540982469756
20190819_12-00-05-082_sgm00746.jpg	1	1	0,4953349169307781
20190819_12-00-05-082_sgm00747.jpg	1	1	0,42222569715540625
20190819_12-00-05-082_sgm00748.jpg	1	1	0,5129765061502115
20190819_12-00-05-082_sgm00831.jpg	1	1	0,46881196528862784
20190819_12-00-05-082_sgm00832.jpg	1	1	0,4240834947281719
20190819_12-00-05-082_sgm00833.jpg	1	1	0,6028214601902294
20190819_12-00-05-082_sgm00834.jpg	1	1	0,5471195733139741
20190819_12-00-05-082_sgm00836.jpg	1	1	0,5254560300502764
20190819_12-00-05-082_sgm00837.jpg	1	1	0,5613720075948809
20190819_12-00-05-082_sgm00838.jpg	1	0	0,4779220405586872
20190819_12-00-05-082_sgm00839.jpg	1	1	0,6917559369810988
20190819_12-00-05-082_sgm00840.jpg	1	1	0,6722952650304281
20190819_12-00-05-082_sgm00842.jpg	1	1	0,6811205039710846
20190819_12-00-05-082_sgm00843.jpg	1	1	0,5467207573837036
20190819_12-00-05-082_sgm00844.jpg	1	1	0,6576251096910372
20190819_12-00-05-082_sgm00845.jpg	1	1	0,6378925049454385
20190819_12-00-05-082_sgm00846.jpg	1	1	0,6113050457849968
20190819_12-00-05-082_sgm00849.jpg	1	1	0,5367967762730331
20190819_12-00-05-082_sgm00850.jpg	1	1	0,5257978695692548
20190819_12-00-05-082_sgm00853.jpg	1	1	0,6303782026863705
20190819_12-00-05-082_sgm00855.jpg	1	1	0,7562763907298656
20190819_12-00-05-082_sgm00856.jpg	1	1	0,6183213059532365
20190819_12-00-05-082_sgm00857.jpg	1	1	0,6681017484068577
20190819_12-00-05-082_sgm00860.jpg	1	1	0,6308374237286094
20190819_12-00-05-082_sgm00871.jpg	1	1	0,5037542144787674
20190819_12-00-05-082_sgm00872.jpg	1	0	0,4366077202426094
20190819_12-00-05-082_sgm00877.jpg	1	1	0,4393923443474232
20190819_12-00-05-082_sgm00878.jpg	1	0	0,4834364117552185
20190819_12-00-05-082_sgm00879.jpg	1	1	0,4145239964794683
20190819_12-00-05-082_sgm00880.jpg	1	0	0,5140255929505739
20190819_12-00-05-082_sgm00894.jpg	1	2	0,3788371592621004
20190819_12-00-05-082_sgm00896.jpg	1	0	0,5326559321964309
20190819_12-00-05-082_sgm00898.jpg	1	1	0,5304400137189402
20190819_12-00-05-082_sgm00899.jpg	1	0	0,49973077776921554
20190819_12-00-05-082_sgm00900.jpg	1	0	0,5654020177273776
20190819_12-00-05-082_sgm00901.jpg	1	1	0,5246551406250496
20190819_12-00-05-082_sgm00902.jpg	1	1	0,5646708175120989
20190819_12-00-05-082_sgm00904.jpg	1	1	0,6068041030932576
20190819_12-00-05-082_sgm00905.jpg	1	1	0,6493419163757507
20190819_12-00-05-082_sgm00907.jpg	1	1	0,6478974355431215
20190819_12-00-05-082_sgm00908.jpg	1	1	0,6861216246906404
20190819_12-00-05-082_sgm00909.jpg	1	1	0,5706399489556522
20190819_12-00-05-082_sgm00910.jpg	1	0	0,5141251464683307
20190819_12-00-05-082_sgm00914.jpg	1	1	0,6211621690981028
20190819_12-00-05-082_sgm00915.jpg	1	0	0,48212181537662135
20190819_12-00-05-082_sgm00916.jpg	1	1	0,47516454073795383
20190819_12-00-05-082_sgm00918.jpg	1	1	0,5545601183449922
20190819_12-00-05-082_sgm00919.jpg	1	1	0,6400120209415644
20190819_12-00-05-082_sgm00920.jpg	1	1	0,5525464096610605
20190819_12-00-05-082_sgm00961.jpg	1	0	0,5171449617384238
20190819_12-00-05-082_sgm00963.jpg	1	1	0,723887545092904
20190819_12-00-05-082_sgm00966.jpg	1	0	0,5378136939808468
20190819_12-00-05-082_sgm00968.jpg	1	1	0,5199024260843583
20190819_12-00-05-082_sgm00969.jpg	1	1	0,5499295054530585
20190819_12-00-05-082_sgm00970.jpg	1	0	0,7010460766453342
20190819_12-00-05-082_sgm01012.jpg	1	0	0,5527132142934027
20190819_12-00-05-082_sgm01015.jpg	1	1	0,44078141756630473
20190819_12-00-05-082_sgm01016.jpg	1	1	0,47595515535641314
20190819_12-00-05-082_sgm01017.jpg	1	0	0,5592780238880188
20190819_12-00-05-082_sgm01018.jpg	1	1	0,4661589284326519
20190819_12-00-05-082_sgm01019.jpg	1	1	0,6120739408165486
20190819_12-00-05-082_sgm01020.jpg	1	1	0,555832979748739
20190819_12-00-05-082_sgm01151.jpg	1	0	0,478711764860698
20190819_12-00-05-082_sgm01152.jpg	1	0	0,5316102982387634
20190819_12-00-05-082_sgm01153.jpg	1	1	0,4539343610951974
20190819_12-00-05-082_sgm01154.jpg	1	0	0,5523579256970272
20190819_12-00-05-082_sgm01156.jpg	1	0	0,6162875629415775
20190819_12-00-05-082_sgm01157.jpg	1	0	0,5021759384591854
20190819_12-00-05-082_sgm01271.jpg	1	2	0,46120045547797617
20190819_12-00-05-082_sgm01272.jpg	1	1	0,33876601827332353
20190819_12-00-05-082_sgm01273.jpg	1	2	0,42394883841114667
20190819_12-00-05-082_sgm01275.jpg	1	1	0,39178612150675285
20190819_12-00-05-082_sgm01279.jpg	1	2	0,4282378717173005
20190819_12-00-05-082_sgm01280.jpg	1	1	0,3543777299326168
20190819_12-26-11-227_sgm00087.jpg	1	2	0,8682259380874021
20190819_12-50-08-839_sgm00058.jpg	1	1	0,4142848222455269
20190819_12-50-08-839_sgm00059.jpg	1	0	0,5603903029473523
20190819_12-50-08-839_sgm00060.jpg	1	1	0,4519289857335945
20190819_12-50-08-839_sgm00061.jpg	1	2	0,40918905486009916
20190819_12-50-08-839_sgm00063.jpg	1	1	0,407855853835037
20190819_12-50-08-839_sgm00065.jpg	1	2	0,5377211557103914
20190819_12-50-08-839_sgm00092.jpg	1	0	0,4308446234836031
20190819_12-50-08-839_sgm00170.jpg	1	0	0,5042096157392142
20190819_12-50-08-839_sgm00172.jpg	1	0	0,7548821205757457
20190819_12-50-08-839_sgm00173.jpg	1	0	0,7155781909591737
20190819_12-50-08-839_sgm00175.jpg	1	0	0,7371459964945327
20190819_12-50-08-839_sgm00176.jpg	1	0	0,6551629331108552
20190819_12-50-08-839_sgm00188.jpg	1	0	0,964083704568181
20190819_12-50-08-839_sgm00194.jpg	1	0	0,9322232338710558
20190819_12-50-08-839_sgm00345.jpg	1	1	0,5245476389053542
20190819_12-50-08-839_sgm00346.jpg	1	1	0,4833264371986967
20190819_12-50-08-839_sgm00349.jpg	1	1	0,7399518883043192
20190819_12-50-08-839_sgm00350.jpg	1	1	0,56150255171007
20190819_12-50-08-839_sgm00351.jpg	1	1	0,5318364290904235
20190819_12-50-08-839_sgm00394.jpg	1	0	0,4397577132753706
20190819_12-50-08-839_sgm00398.jpg	1	0	0,41154719770201753
20190819_12-50-08-839_sgm00400.jpg	1	0	0,5991529070563789
20190819_12-50-08-839_sgm00401.jpg	1	1	0,4262868110872737
20190819_12-50-08-839_sgm00405.jpg	1	1	0,4007142124070191
20190819_12-50-08-839_sgm00407.jpg	1	0	0,6046156425394431
20190819_12-50-08-839_sgm00410.jpg	1	0	0,6799546975505487
20190819_12-50-08-839_sgm00411.jpg	1	0	0,869977820637831
20190819_12-50-08-839_sgm00412.jpg	1	0	0,6000781764025864
20190819_12-50-08-839_sgm00495.jpg	1	2	0,9317825352923413
20190819_12-50-08-839_sgm00496.jpg	1	2	0,9615415815455961
20190819_12-50-08-839_sgm00497.jpg	1	2	0,9328096550283524
20190819_12-50-08-839_sgm00498.jpg	1	2	0,8046753745045538
20190819_12-50-08-839_sgm00502.jpg	1	2	0,54536993407242
20190819_12-50-08-839_sgm00503.jpg	1	2	0,9297392795374185
20190819_12-50-08-839_sgm00706.jpg	1	1	0,45358968275706457
20190819_12-50-08-839_sgm00707.jpg	1	0	0,4710357588835204
20190819_12-50-08-839_sgm00708.jpg	1	1	0,4232345969504429
20190819_12-50-08-839_sgm00710.jpg	1	1	0,6340671718305962
20190819_12-50-08-839_sgm00713.jpg	1	1	0,6528759045499611
20190819_12-50-08-839_sgm00734.jpg	1	1	0,5120081384379949
20190819_12-50-08-839_sgm00735.jpg	1	1	0,5546853093306948
20190819_12-50-08-839_sgm00736.jpg	1	1	0,5896816328970289
20190819_12-50-08-839_sgm00737.jpg	1	2	0,818310079406038
20190819_12-50-08-839_sgm00738.jpg	1	2	0,9403435173802707
20190819_12-50-08-839_sgm00740.jpg	1	2	0,9401458118668289
20190819_12-50-08-839_sgm00741.jpg	1	2	0,8013854474641714
20190819_12-50-08-839_sgm00742.jpg	1	2	0,6531247319468337
20190819_12-50-08-839_sgm00743.jpg	1	2	0,9899745786395862
20190819_12-50-08-839_sgm00746.jpg	1	2	0,6020391763435222
20190819_12-50-08-839_sgm00748.jpg	1	2	0,6453114014808461
20190819_12-50-08-839_sgm00749.jpg	1	2	0,6010481141710186
20190819_12-50-08-839_sgm00750.jpg	1	1	0,47504656587699307
20190819_12-50-08-839_sgm00751.jpg	1	1	0,5672694449934623
20190819_12-50-08-839_sgm00752.jpg	1	1	0,7753018567431255
20190819_12-50-08-839_sgm00753.jpg	1	1	0,7614590805525372
20190819_12-50-08-839_sgm00765.jpg	1	1	0,5939651794711996
20190819_12-50-08-839_sgm00767.jpg	1	1	0,5957821485284545
20190819_12-50-08-839_sgm00768.jpg	1	1	0,6366514989506493
20190819_12-50-08-839_sgm00769.jpg	1	1	0,5277732641479425
20190819_12-50-08-839_sgm00770.jpg	1	1	0,5541501975466844
20190819_12-50-08-839_sgm00771.jpg	1	1	0,7185160462586379
20190819_12-50-08-839_sgm00773.jpg	1	1	0,5067852426340204
20190819_12-50-08-839_sgm00774.jpg	1	1	0,5178689438167149
20190819_12-50-08-839_sgm00775.jpg	1	1	0,5724700444966129
20190819_12-50-08-839_sgm00777.jpg	1	1	0,6788980306499142
20190819_12-50-08-839_sgm00779.jpg	1	2	0,5512687525712343
20190819_12-50-08-839_sgm00783.jpg	1	1	0,5203594297681223
20190819_12-50-08-839_sgm00854.jpg	1	1	0,5314982034232427
20190819_12-50-08-839_sgm00856.jpg	1	0	0,5757986505831874
20190819_12-50-08-839_sgm00857.jpg	1	0	0,5921691758275084
20190819_12-50-08-839_sgm00858.jpg	1	0	0,47079212293605915
20190819_12-50-08-839_sgm00859.jpg	1	0	0,5506673490420304
20190819_12-50-08-839_sgm00860.jpg	1	0	0,46759883925803464
20190819_12-50-08-839_sgm00861.jpg	1	0	0,5124588137975555
20190819_12-50-08-839_sgm00862.jpg	1	0	0,614707237624328
20190819_12-50-08-839_sgm00863.jpg	1	0	0,6171359394909162
20190819_12-50-08-839_sgm00875.jpg	1	1	0,6283422726255589
20190819_12-50-08-839_sgm00876.jpg	1	1	0,45176946564778475
20190819_12-50-08-839_sgm00877.jpg	1	1	0,654950765675657
20190819_12-50-08-839_sgm00878.jpg	1	1	0,6391725598407101
20190819_12-50-08-839_sgm00879.jpg	1	1	0,6062348996659233
20190819_12-50-08-839_sgm00880.jpg	1	1	0,6525367560698762
20190819_12-50-08-839_sgm00881.jpg	1	0	0,5009251431096805
20190819_12-50-08-839_sgm00882.jpg	1	1	0,5141477930654239
20190819_12-50-08-839_sgm00885.jpg	1	1	0,5453144481610844
20190819_12-50-08-839_sgm00886.jpg	1	1	0,5100718367853025
20190819_12-50-08-839_sgm00887.jpg	1	1	0,6413943434967909
20190819_12-50-08-839_sgm00888.jpg	1	1	0,7100519230686074
20190819_12-50-08-839_sgm00889.jpg	1	1	0,6557438166058418
20190819_12-50-08-839_sgm00890.jpg	1	1	0,692283369832876
20190819_12-50-08-839_sgm00891.jpg	1	1	0,8289689588351943
20190819_12-50-08-839_sgm00892.jpg	1	1	0,7545946156135299
20190819_12-50-08-839_sgm00894.jpg	1	1	0,49900764391570007
20190819_12-50-08-839_sgm00896.jpg	1	1	0,46733848455651844
20190819_12-50-08-839_sgm00897.jpg	1	1	0,4523552232568583
20190819_12-50-08-839_sgm00901.jpg	1	0	0,49192238427979684
20190819_12-50-08-839_sgm00902.jpg	1	1	0,5576355302023971
20190819_12-50-08-839_sgm00903.jpg	1	1	0,5183271877051309
20190819_12-50-08-839_sgm00914.jpg	1	1	0,538460335289491
20190819_12-50-08-839_sgm00916.jpg	1	1	0,7129453109522528
20190819_12-50-08-839_sgm00917.jpg	1	1	0,527076369523795
20190819_12-50-08-839_sgm00918.jpg	1	1	0,6198552605001174
20190819_12-50-08-839_sgm00920.jpg	1	1	0,4819354938923904
20190819_12-50-08-839_sgm00922.jpg	1	1	0,5941877295339087
20190819_12-50-08-839_sgm00923.jpg	1	1	0,5757093904696864
20190819_12-50-08-839_sgm00934.jpg	1	1	0,7608535251840736
20190819_12-50-08-839_sgm00935.jpg	1	1	0,768614517834233
20190819_12-50-08-839_sgm00939.jpg	1	1	0,6110003294288431
20190819_12-50-08-839_sgm00940.jpg	1	1	0,5330606286539846
20190819_12-50-08-839_sgm00941.jpg	1	1	0,5432584388481868
20190819_12-50-08-839_sgm00942.jpg	1	0	0,5516897936823671
20190819_12-50-08-839_sgm00986.jpg	1	1	0,6798151318658705
20190819_12-50-08-839_sgm00987.jpg	1	1	0,735309006878833
20190819_12-50-08-839_sgm00988.jpg	1	1	0,6378816309302606
20190819_12-50-08-839_sgm00989.jpg	1	1	0,6887804865461932
20190819_12-50-08-839_sgm00990.jpg	1	1	0,6987682495444729
20190819_12-50-08-839_sgm00991.jpg	1	1	0,6109941747405085
20190819_12-50-08-839_sgm00992.jpg	1	1	0,5789760388614037
20190819_12-50-08-839_sgm00993.jpg	1	1	0,5641729135053901
20190819_12-50-08-839_sgm01054.jpg	1	1	0,5949721877822737
20190819_12-50-08-839_sgm01055.jpg	1	1	0,5541957476861598
20190819_12-50-08-839_sgm01056.jpg	1	1	0,38401622685349174
20190819_12-50-08-839_sgm01057.jpg	1	1	0,568758239463206
20190819_12-50-08-839_sgm01058.jpg	1	1	0,7045189694105776
20190819_12-50-08-839_sgm01059.jpg	1	1	0,753430646022415
20190819_12-50-08-839_sgm01060.jpg	1	1	0,6341362618355902
20190819_12-50-08-839_sgm01063.jpg	1	1	0,5751523509679279
20190819_12-50-08-839_sgm01064.jpg	1	1	0,5850096992135384
20190819_12-50-08-839_sgm01066.jpg	1	1	0,5543751769978937
20190819_12-50-08-839_sgm01067.jpg	1	1	0,5894883167403185
20190819_12-50-08-839_sgm01068.jpg	1	1	0,6019030824597636
20190819_12-50-08-839_sgm01069.jpg	1	1	0,5288029037847753
20190819_12-50-08-839_sgm01071.jpg	1	1	0,5835912301458268
20190819_12-50-08-839_sgm01094.jpg	1	1	0,5771052966153941
20190819_12-50-08-839_sgm01095.jpg	1	1	0,6838051641697672
20190819_12-50-08-839_sgm01096.jpg	1	1	0,6696719989099044
20190819_12-50-08-839_sgm01098.jpg	1	1	0,6311645418228617
20190819_12-50-08-839_sgm01099.jpg	1	1	0,7134227516759433
20190819_12-50-08-839_sgm01102.jpg	1	1	0,8247495856189815
20190819_12-50-08-839_sgm01103.jpg	1	1	0,8114135239993454
20190819_12-50-08-839_sgm01134.jpg	1	1	0,584277031460587
20190819_12-50-08-839_sgm01135.jpg	1	1	0,6737177581915921
20190819_12-50-08-839_sgm01136.jpg	1	1	0,7596286454226533
20190819_12-50-08-839_sgm01137.jpg	1	1	0,716137958539451
20190819_12-50-08-839_sgm01139.jpg	1	1	0,8038516107377304
20190819_12-50-08-839_sgm01140.jpg	1	1	0,8142422609633957
20190819_12-50-08-839_sgm01141.jpg	1	1	0,7725470525070504
20190819_12-50-08-839_sgm01142.jpg	1	1	0,7454508903505163
20190819_12-50-08-839_sgm01143.jpg	1	1	0,6359539719838727
20190819_12-50-08-839_sgm01144.jpg	1	1	0,7602530734641373
20190819_12-50-08-839_sgm01145.jpg	1	1	0,8614888368581033
20190819_12-50-08-839_sgm01148.jpg	1	1	0,7720584370412327
20190819_12-50-08-839_sgm01149.jpg	1	1	0,7527805694701327
20190819_12-50-08-839_sgm01150.jpg	1	1	0,858854587350699
20190819_12-50-08-839_sgm01151.jpg	1	1	0,7170900855678971
20190819_12-50-08-839_sgm01153.jpg	1	1	0,5643081788238915
20190819_12-50-08-839_sgm01247.jpg	1	1	0,6478541465515812
20190819_12-50-08-839_sgm01248.jpg	1	1	0,6463849459113948
20190819_12-50-08-839_sgm01252.jpg	1	1	0,6139734954586791
20190819_12-50-08-839_sgm01254.jpg	1	1	0,5726860425736812
20190819_12-50-08-839_sgm01257.jpg	1	0	0,520071775366936
20190819_12-50-08-839_sgm01258.jpg	1	1	0,631640957399088
20190819_12-50-08-839_sgm01260.jpg	1	1	0,5695353655922761
20190819_12-50-08-839_sgm01262.jpg	1	1	0,629323890830253
20190819_12-50-08-839_sgm01263.jpg	1	1	0,5432306568954497
20190819_12-50-08-839_sgm01264.jpg	1	0	0,5079825704219825
20190819_12-50-08-839_sgm01265.jpg	1	1	0,5114868197991193
20190819_12-50-08-839_sgm01266.jpg	1	1	0,5432886832883792
20190819_12-50-08-839_sgm01267.jpg	1	1	0,5191712998170488
20190819_12-50-08-839_sgm01268.jpg	1	1	0,5467627637648
20190819_12-50-08-839_sgm01270.jpg	1	1	0,6624190090194144
20190819_12-50-08-839_sgm01271.jpg	1	1	0,5812909727741161
20190819_12-50-08-839_sgm01272.jpg	1	1	0,5241429384588625
20190819_12-50-08-839_sgm01273.jpg	1	0	0,5237966175521771
20190819_12-50-08-839_sgm01354.jpg	1	1	0,5029192210974595
20190819_12-50-08-839_sgm01355.jpg	1	1	0,5399965868671832
20190819_12-50-08-839_sgm01356.jpg	1	1	0,4111167230689628
20190819_12-50-08-839_sgm01357.jpg	1	1	0,4045461646255291
20190819_12-50-08-839_sgm01358.jpg	1	1	0,5545223715518719
20190819_12-50-08-839_sgm01359.jpg	1	1	0,5450861279697031
20190819_12-50-08-839_sgm01360.jpg	1	1	0,49731518938237446
20190819_12-50-08-839_sgm01361.jpg	1	1	0,5153607953659588
20190819_12-50-08-839_sgm01363.jpg	1	1	0,6257494897458328
20190819_12-50-08-839_sgm01394.jpg	1	1	0,6185886717643658
20190819_12-50-08-839_sgm01396.jpg	1	1	0,5552613798735335
20190819_12-50-08-839_sgm01397.jpg	1	1	0,6055706435365471
20190819_12-50-08-839_sgm01398.jpg	1	1	0,5764625468835498
20190819_12-50-08-839_sgm01399.jpg	1	1	0,5669067255747151
20190819_12-50-08-839_sgm01400.jpg	1	1	0,5824252638024999
20190819_12-50-08-839_sgm01402.jpg	1	1	0,5893069011092353
20190819_12-50-08-839_sgm01403.jpg	1	1	0,528655667008101
20190819_12-50-08-839_sgm01444.jpg	1	1	0,5607293341850502
20190819_12-50-08-839_sgm01447.jpg	1	0	0,5280858263763784
20190819_12-50-08-839_sgm01451.jpg	1	1	0,5510997560117418
20190819_12-50-08-839_sgm01453.jpg	1	1	0,6013082259958027
20190819_12-50-08-839_sgm01455.jpg	1	1	0,6007383413569932
20190819_12-50-08-839_sgm01456.jpg	1	1	0,595224809638258
20190819_12-50-08-839_sgm01458.jpg	1	1	0,6192134302051816
20190819_12-50-08-839_sgm01459.jpg	1	1	0,5954669973609021
20190819_12-50-08-839_sgm01460.jpg	1	1	0,5898795831751129
20190819_12-50-08-839_sgm01463.jpg	1	1	0,5712412715857547
20190819_12-50-08-839_sgm01556.jpg	1	1	0,5157235170094429
20190819_12-50-08-839_sgm01559.jpg	1	0	0,4169452402946219
20190819_12-50-08-839_sgm01560.jpg	1	0	0,38023339155592895
20190819_12-50-08-839_sgm01562.jpg	1	0	0,7097579491176833
20190819_13-39-58-707_sgm00009.jpg	1	0	0,906559682870754
20190819_13-39-58-707_sgm00015.jpg	1	0	0,6491575576760469
20190819_13-39-58-707_sgm00017.jpg	1	0	0,5823421267106385
20190819_13-39-58-707_sgm00086.jpg	1	0	0,6384537568205562
20190819_13-39-58-707_sgm00087.jpg	1	0	0,5455276788132885
20190819_13-39-58-707_sgm00088.jpg	1	0	0,7144976995034938
20190819_13-39-58-707_sgm00100.jpg	1	2	0,7386535757121008
20190819_13-39-58-707_sgm00105.jpg	1	2	0,6471210867744994
20190819_13-39-58-707_sgm00108.jpg	1	0	0,7240958243355491
20190819_13-48-34-589_sgm00018.jpg	1	2	0,8707094351954389
20190819_13-48-34-589_sgm00020.jpg	1	0	0,8959678157033008
20190819_13-48-34-589_sgm00025.jpg	1	0	0,8997083438441357
20190819_13-48-34-589_sgm00027.jpg	1	0	0,6280374301788249
20190819_13-48-34-589_sgm00072.jpg	1	1	0,5309858403178526
20190819_13-48-34-589_sgm00073.jpg	1	1	0,6398592195421839
20190819_13-48-34-589_sgm00076.jpg	1	1	0,7708812447210455
20190819_13-48-34-589_sgm00077.jpg	1	1	0,7623815748284486
20190819_13-48-34-589_sgm00078.jpg	1	1	0,7922908933300775
20190819_13-48-34-589_sgm00079.jpg	1	1	0,727689235134791
20190819_13-48-34-589_sgm00080.jpg	1	1	0,7616456873074762
20190819_13-48-34-589_sgm00082.jpg	1	1	0,6561637475023347
20190819_13-48-34-589_sgm00083.jpg	1	1	0,6966844354602882
20190819_13-48-34-589_sgm00084.jpg	1	1	0,6093036410569123
20190819_13-57-11-762_sgm00109.jpg	1	0	0,9886321436202751
20190819_13-57-11-762_sgm00112.jpg	1	0	0,9791985588470764
20190819_13-57-11-762_sgm00113.jpg	1	0	0,9903181811806833
20190819_13-57-11-762_sgm00114.jpg	1	0	0,9581285456770247
20190819_13-57-11-762_sgm00115.jpg	1	0	0,9737129336195176
20190819_13-57-11-762_sgm00117.jpg	1	0	0,7355307214734851
20190819_13-57-11-762_sgm00191.jpg	1	0	0,6811943556377497
20190819_13-57-11-762_sgm00194.jpg	1	0	0,9809421247881935
20190819_13-57-11-762_sgm00198.jpg	1	0	0,6074422490563774
20190819_13-57-11-762_sgm00199.jpg	1	0	0,5171907377632649
20190819_13-57-11-762_sgm00241.jpg	1	1	0,5466147618349524
20190819_13-57-11-762_sgm00248.jpg	1	0	0,5967601170473555
20190819_13-57-11-762_sgm00250.jpg	1	0	0,5886364924264863
20190819_14-39-18-092_sgm00049.jpg	1	0	0,7249293247004779
20190819_14-39-18-092_sgm00052.jpg	1	1	0,44103712429893127
20190819_14-39-18-092_sgm00053.jpg	1	0	0,7641401176838523
20190819_14-39-18-092_sgm00064.jpg	1	0	0,8474548355779395
20190819_14-39-18-092_sgm00113.jpg	1	0	0,8135902801071029
20190819_14-39-18-092_sgm00115.jpg	1	0	0,5971058832777829
20190819_14-39-18-092_sgm00116.jpg	1	0	0,6766203154075445
20190819_14-39-18-092_sgm00140.jpg	1	0	0,7676984606566195
20190819_14-39-18-092_sgm00142.jpg	1	1	0,4182477192564969
20190819_14-39-18-092_sgm00143.jpg	1	0	0,9255358466377642
20190819_14-39-18-092_sgm00202.jpg	1	0	0,877721751854803
20190819_14-39-18-092_sgm00203.jpg	1	0	0,9759096452363984
20190819_14-39-18-092_sgm00207.jpg	1	0	0,8235973199892089
20190819_14-39-18-092_sgm00208.jpg	1	0	0,7947913626445802
20190814_14-44-24-433_sgm00063.jpg	2	2	0,6078934031748209
20190814_14-44-24-433_sgm00203.jpg	2	1	0,5180955291794498
20190814_14-44-24-433_sgm00222.jpg	2	1	0,5961693483731494
20190814_14-44-24-433_sgm00282.jpg	2	2	0,9556048451487652
20190814_14-44-24-433_sgm00283.jpg	2	2	0,9858762430761121
20190814_14-44-24-433_sgm00284.jpg	2	2	0,9863211356133065
20190814_14-44-24-433_sgm00597.jpg	2	0	0,5733905388557567
20190814_14-44-24-433_sgm00641.jpg	2	2	0,6405099274183684
20190814_14-44-24-433_sgm00642.jpg	2	0	0,5946296773412868
20190814_14-44-24-433_sgm00645.jpg	2	2	0,5179751076665627
20190814_14-44-24-433_sgm00769.jpg	2	1	0,7284389226803196
20190814_14-44-24-433_sgm00838.jpg	2	1	0,7641204874805817
20190814_14-44-24-433_sgm01127.jpg	2	1	0,7755916806868969
20190814_14-44-24-433_sgm01133.jpg	2	1	0,6813320115029686
20190814_14-44-24-433_sgm01144.jpg	2	1	0,7069456503993643
20190814_14-44-24-433_sgm01330.jpg	2	0	0,5983514525305503
20190814_14-44-24-433_sgm01335.jpg	2	0	0,5317867893302024
20190816_10-30-47-864_sgm00027.jpg	2	2	0,5710194537706637
20190816_10-30-47-864_sgm00040.jpg	2	2	0,5593629026841668
20190816_10-30-47-864_sgm00053.jpg	2	2	0,7825990479163837
20190816_10-30-47-864_sgm00054.jpg	2	2	0,49482898201970266
20190816_10-30-47-864_sgm00055.jpg	2	0	0,5938820234495122
20190816_10-30-47-864_sgm00057.jpg	2	2	0,8702341373737927
20190816_10-30-47-864_sgm00058.jpg	2	2	0,5872995024612163
20190816_10-30-47-864_sgm00059.jpg	2	2	0,9849603647647983
20190816_10-30-47-864_sgm00060.jpg	2	2	0,40213536606435396
20190816_10-30-47-864_sgm00061.jpg	2	0	0,48844071432184827
20190816_11-08-09-342_sgm00096.jpg	2	2	0,6064773016420869
20190816_11-08-09-342_sgm00101.jpg	2	2	0,7711730933792849
20190816_11-08-09-342_sgm00103.jpg	2	2	0,39906802503529815
20190819_10-32-50-611_sgm00111.jpg	2	2	0,5360418599371289
20190819_10-32-50-611_sgm00178.jpg	2	1	0,45760195501760875
20190819_10-32-50-611_sgm00181.jpg	2	1	0,672915042390274
20190819_10-32-50-611_sgm00315.jpg	2	0	0,4419544718483508
20190819_10-32-50-611_sgm00317.jpg	2	1	0,46136619309790633
20190819_10-32-50-611_sgm00447.jpg	2	1	0,6284537400145408
20190819_10-32-50-611_sgm00448.jpg	2	1	0,6011888880980016
20190819_10-32-50-611_sgm00450.jpg	2	1	0,5432393021760215
20190819_10-32-50-611_sgm00475.jpg	2	1	0,438934679967847
20190819_10-32-50-611_sgm00477.jpg	2	1	0,499242491772035
20190819_10-32-50-611_sgm00611.jpg	2	1	0,6720846199154323
20190819_10-32-50-611_sgm00622.jpg	2	1	0,6419603792141343
20190819_10-32-50-611_sgm00741.jpg	2	1	0,6566295025653238
20190819_10-32-50-611_sgm00916.jpg	2	1	0,5027522207672925
20190819_10-32-50-611_sgm00981.jpg	2	0	0,49415243723550095
20190819_10-32-50-611_sgm00982.jpg	2	1	0,4656567864168094
20190819_10-32-50-611_sgm01000.jpg	2	1	0,45248760139976796
20190819_10-32-50-611_sgm01009.jpg	2	1	0,6236110775672992
20190819_10-32-50-611_sgm01010.jpg	2	1	0,4189610864555349
20190819_10-32-50-611_sgm01025.jpg	2	2	0,6470171258567691
20190819_10-32-50-611_sgm01026.jpg	2	1	0,4509155660185541
20190819_10-32-50-611_sgm01151.jpg	2	1	0,5858708717823713
20190819_10-32-50-611_sgm01152.jpg	2	1	0,6462343592812548
20190819_10-32-50-611_sgm01154.jpg	2	1	0,5863820881986103
20190819_10-32-50-611_sgm01156.jpg	2	0	0,5263281901701634
20190819_10-32-50-611_sgm01157.jpg	2	0	0,5743991602610228
20190819_10-32-50-611_sgm01158.jpg	2	1	0,5437413528438312
20190819_10-32-50-611_sgm01169.jpg	2	1	0,5621935585677279
20190819_10-32-50-611_sgm01171.jpg	2	0	0,49241554427524553
20190819_10-32-50-611_sgm01173.jpg	2	1	0,4739736222337583
20190819_10-32-50-611_sgm01174.jpg	2	1	0,4003640287146736
20190819_10-32-50-611_sgm01175.jpg	2	1	0,5190835162149879
20190819_10-32-50-611_sgm01178.jpg	2	1	0,6700634454384171
20190819_10-32-50-611_sgm01229.jpg	2	2	0,7751411725862549
20190819_10-32-50-611_sgm01233.jpg	2	2	0,844303429201327
20190819_10-32-50-611_sgm01234.jpg	2	2	0,501750904178337
20190819_10-32-50-611_sgm01268.jpg	2	2	0,659181698678225
20190819_10-32-50-611_sgm01279.jpg	2	2	0,43490510737447047
20190819_10-32-50-611_sgm01284.jpg	2	2	0,42169926323887125
20190819_10-32-50-611_sgm01285.jpg	2	2	0,45903135782247634
20190819_10-32-50-611_sgm01286.jpg	2	2	0,5913378676736166
20190819_10-32-50-611_sgm01287.jpg	2	2	0,5117790295764206
20190819_10-32-50-611_sgm01400.jpg	2	1	0,38625229825312507
20190819_10-32-50-611_sgm01404.jpg	2	2	0,4956332017503931
20190819_10-32-50-611_sgm01407.jpg	2	1	0,3513461237948378
20190819_11-15-57-991_sgm00058.jpg	2	2	0,678336137146106
20190819_11-15-57-991_sgm00075.jpg	2	1	0,3789598587362803
20190819_11-15-57-991_sgm00090.jpg	2	0	0,8542358513812403
20190819_11-15-57-991_sgm00098.jpg	2	1	0,41086944938021674
20190819_11-15-57-991_sgm00123.jpg	2	2	0,6222481841424373
20190819_11-15-57-991_sgm00127.jpg	2	1	0,5132984478183382
20190819_11-15-57-991_sgm00139.jpg	2	2	0,4228361263504411
20190819_11-15-57-991_sgm00143.jpg	2	2	0,8613632213342615
20190819_11-15-57-991_sgm00146.jpg	2	0	0,4008788815964496
20190819_11-15-57-991_sgm00147.jpg	2	2	0,7117275360749948
20190819_11-15-57-991_sgm00148.jpg	2	2	0,5531023901833158
20190819_11-15-57-991_sgm00179.jpg	2	2	0,8597665397955156
20190819_11-15-57-991_sgm00180.jpg	2	2	0,8364456448986042
20190819_11-15-57-991_sgm00181.jpg	2	2	0,8980518440696944
20190819_11-15-57-991_sgm00182.jpg	2	2	0,9578579875841062
20190819_11-15-57-991_sgm00183.jpg	2	1	0,39212134659934855
20190819_11-15-57-991_sgm00188.jpg	2	2	0,897684830332895
20190819_11-15-57-991_sgm00199.jpg	2	2	0,9722028989875011
20190819_11-15-57-991_sgm00200.jpg	2	0	0,3988885976911845
20190819_11-15-57-991_sgm00206.jpg	2	2	0,958212381657566
20190819_11-15-57-991_sgm00207.jpg	2	2	0,8814615748146507
20190819_11-15-57-991_sgm00208.jpg	2	0	0,41550825208118053
20190819_11-15-57-991_sgm00212.jpg	2	0	0,6312095749742846
20190819_12-00-05-082_sgm00279.jpg	2	1	0,43330987459468134
20190819_12-00-05-082_sgm00280.jpg	2	2	0,6128289543694908
20190819_12-00-05-082_sgm00281.jpg	2	2	0,848343672843493
20190819_12-00-05-082_sgm00287.jpg	2	2	0,5498744733524146
20190819_12-00-05-082_sgm00288.jpg	2	2	0,4817284842834109
20190819_12-00-05-082_sgm00534.jpg	2	1	0,6712810491439005
20190819_12-00-05-082_sgm00555.jpg	2	1	0,5069119758121957
20190819_12-00-05-082_sgm00745.jpg	2	1	0,4617104785863463
20190819_12-00-05-082_sgm00835.jpg	2	1	0,5989487746410846
20190819_12-00-05-082_sgm00893.jpg	2	0	0,4720913310079842
20190819_12-00-05-082_sgm01274.jpg	2	1	0,3795015840095869
20190819_12-00-05-082_sgm01276.jpg	2	2	0,4264736057546232
20190819_12-00-05-082_sgm01277.jpg	2	0	0,5021728255389174
20190819_12-00-05-082_sgm01278.jpg	2	0	0,4261593802291446
20190819_12-26-11-227_sgm00085.jpg	2	2	0,7173722376010717
20190819_12-26-11-227_sgm00086.jpg	2	2	0,7052185143185706
20190819_12-26-11-227_sgm00088.jpg	2	2	0,9846965213703995
20190819_12-26-11-227_sgm00089.jpg	2	2	0,9034363515738585
20190819_12-26-11-227_sgm00091.jpg	2	2	0,9850565958952199
20190819_12-26-11-227_sgm00093.jpg	2	2	0,9488875357766826
20190819_12-50-08-839_sgm00062.jpg	2	2	0,46076588342096375
20190819_12-50-08-839_sgm00064.jpg	2	2	0,5839167670089839
20190819_12-50-08-839_sgm00347.jpg	2	2	0,39605129791390487
20190819_12-50-08-839_sgm00348.jpg	2	2	0,4679558644462239
20190819_12-50-08-839_sgm00352.jpg	2	2	0,7801851814969069
20190819_12-50-08-839_sgm00353.jpg	2	2	0,666075380720195
20190819_12-50-08-839_sgm00399.jpg	2	0	0,4146441914521578
20190819_12-50-08-839_sgm00494.jpg	2	2	0,9913179695928799
20190819_12-50-08-839_sgm00500.jpg	2	2	0,7311995773042114
20190819_12-50-08-839_sgm00501.jpg	2	2	0,7888054895811801
20190819_12-50-08-839_sgm00554.jpg	2	2	0,9947304923597726
20190819_12-50-08-839_sgm00555.jpg	2	2	0,9980128040890728
20190819_12-50-08-839_sgm00556.jpg	2	2	0,996344625782241
20190819_12-50-08-839_sgm00557.jpg	2	2	0,9995042160804508
20190819_12-50-08-839_sgm00558.jpg	2	2	0,9988546392024288
20190819_12-50-08-839_sgm00559.jpg	2	2	0,9926768762318968
20190819_12-50-08-839_sgm00560.jpg	2	2	0,9764093408702358
20190819_12-50-08-839_sgm00561.jpg	2	2	0,996510328409089
20190819_12-50-08-839_sgm00562.jpg	2	2	0,9973544914246072
20190819_12-50-08-839_sgm00563.jpg	2	2	0,9990903077314525
20190819_12-50-08-839_sgm00584.jpg	2	2	0,9955269804237019
20190819_12-50-08-839_sgm00585.jpg	2	2	0,9984814373744049
20190819_12-50-08-839_sgm00586.jpg	2	2	0,9988344204119208
20190819_12-50-08-839_sgm00587.jpg	2	2	0,9995666237248106
20190819_12-50-08-839_sgm00588.jpg	2	2	0,999707188552262
20190819_12-50-08-839_sgm00589.jpg	2	2	0,999755323214642
20190819_12-50-08-839_sgm00590.jpg	2	2	0,9997853501603268
20190819_12-50-08-839_sgm00591.jpg	2	2	0,9959245796478022
20190819_12-50-08-839_sgm00592.jpg	2	2	0,997848381748318
20190819_12-50-08-839_sgm00593.jpg	2	2	0,8743588973303447
20190819_12-50-08-839_sgm00604.jpg	2	2	0,9977412101048777
20190819_12-50-08-839_sgm00605.jpg	2	2	0,9990365260168977
20190819_12-50-08-839_sgm00606.jpg	2	2	0,9966898229018545
20190819_12-50-08-839_sgm00607.jpg	2	2	0,9973753617058525
20190819_12-50-08-839_sgm00608.jpg	2	2	0,9991631364821175
20190819_12-50-08-839_sgm00609.jpg	2	2	0,9991117268640795
20190819_12-50-08-839_sgm00610.jpg	2	2	0,9984552916012156
20190819_12-50-08-839_sgm00611.jpg	2	2	0,9915461101135178
20190819_12-50-08-839_sgm00612.jpg	2	2	0,9991592091323249
20190819_12-50-08-839_sgm00613.jpg	2	2	0,9998131147615048
20190819_12-50-08-839_sgm00664.jpg	2	2	0,997595502958406
20190819_12-50-08-839_sgm00665.jpg	2	2	0,9990444976998053
20190819_12-50-08-839_sgm00666.jpg	2	2	0,9991296958205129
20190819_12-50-08-839_sgm00667.jpg	2	2	0,9995710306467066
20190819_12-50-08-839_sgm00668.jpg	2	2	0,9985348027508022
20190819_12-50-08-839_sgm00669.jpg	2	2	0,9997896398662023
20190819_12-50-08-839_sgm00670.jpg	2	2	0,9999762779146959
20190819_12-50-08-839_sgm00671.jpg	2	2	0,9999365846769599
20190819_12-50-08-839_sgm00672.jpg	2	2	0,9997830861526756
20190819_12-50-08-839_sgm00673.jpg	2	2	0,9988438160828154
20190819_12-50-08-839_sgm00705.jpg	2	1	0,6064489977419569
20190819_12-50-08-839_sgm00709.jpg	2	0	0,4844056832627145
20190819_12-50-08-839_sgm00739.jpg	2	2	0,9714004214229608
20190819_12-50-08-839_sgm00747.jpg	2	2	0,5813465155975632
20190819_12-50-08-839_sgm00764.jpg	2	1	0,5770918814903985
20190819_12-50-08-839_sgm00766.jpg	2	1	0,6419893647124094
20190819_12-50-08-839_sgm00772.jpg	2	1	0,7254003494243682
20190819_12-50-08-839_sgm00776.jpg	2	1	0,717149606133453
20190819_12-50-08-839_sgm00778.jpg	2	1	0,5805061103668404
20190819_12-50-08-839_sgm00780.jpg	2	1	0,7549120200002474
20190819_12-50-08-839_sgm00899.jpg	2	2	0,37038753554101855
20190819_12-50-08-839_sgm00900.jpg	2	1	0,4240358243329745
20190819_12-50-08-839_sgm00919.jpg	2	1	0,67350939718381
20190819_12-50-08-839_sgm00921.jpg	2	1	0,48662579212624635
20190819_12-50-08-839_sgm00943.jpg	2	0	0,6025719713220433
20190819_12-50-08-839_sgm01261.jpg	2	1	0,6045366165884005
20190819_12-50-08-839_sgm01269.jpg	2	1	0,6027789553643093
20190819_12-50-08-839_sgm01362.jpg	2	1	0,5740847465673395
20190819_13-39-58-707_sgm00010.jpg	2	0	0,40198251997191015
20190819_13-39-58-707_sgm00014.jpg	2	0	0,8422729322847474
20190819_13-39-58-707_sgm00016.jpg	2	0	0,5805329266530923
20190819_13-39-58-707_sgm00018.jpg	2	2	0,7711115480330917
20190819_13-39-58-707_sgm00084.jpg	2	1	0,5428822727219207
20190819_13-39-58-707_sgm00085.jpg	2	1	0,3964322538098257
20190819_13-39-58-707_sgm00099.jpg	2	0	0,760835725358679
20190819_13-39-58-707_sgm00101.jpg	2	2	0,8421428779225808
20190819_13-39-58-707_sgm00102.jpg	2	2	0,7844425996791005
20190819_13-39-58-707_sgm00103.jpg	2	2	0,479790658484597
20190819_13-39-58-707_sgm00104.jpg	2	2	0,7180439492641076
20190819_13-39-58-707_sgm00106.jpg	2	2	0,835026351951299
20190819_13-39-58-707_sgm00107.jpg	2	2	0,9897316292731526
20190819_13-48-34-589_sgm00019.jpg	2	2	0,8632371458725185
20190819_13-48-34-589_sgm00021.jpg	2	2	0,8604256503374013
20190819_10-32-50-611_sgm00913.jpg	1	0	0,42351614538148297
20190819_10-32-50-611_sgm00914.jpg	1	0	0,4702507372446316
20190819_10-32-50-611_sgm00915.jpg	1	0	0,46862243578354723
20190819_10-32-50-611_sgm00917.jpg	1	1	0,5691837837204086
20190819_10-32-50-611_sgm00978.jpg	1	0	0,4191122943851627
20190819_10-32-50-611_sgm00979.jpg	1	2	0,5354043778254759
20190819_10-32-50-611_sgm00980.jpg	1	1	0,4833085186434828
20190819_10-32-50-611_sgm00983.jpg	1	1	0,6960100951445158
20190819_10-32-50-611_sgm00985.jpg	1	1	0,5718622132595388
20190819_10-32-50-611_sgm00986.jpg	1	1	0,66067720944149
20190819_10-32-50-611_sgm00998.jpg	1	1	0,5322468160280517
20190819_10-32-50-611_sgm00999.jpg	1	0	0,8480196622185417
20190819_10-32-50-611_sgm01001.jpg	1	2	0,5144605038546758
20190819_10-32-50-611_sgm01002.jpg	1	2	0,7829253268167413
20190819_10-32-50-611_sgm01004.jpg	1	2	0,47307225552251464
20190819_10-32-50-611_sgm01006.jpg	1	2	0,7122344292620572
20190819_10-32-50-611_sgm01007.jpg	1	1	0,40061090169014035
20190819_10-32-50-611_sgm01008.jpg	1	2	0,5133864770992913
20190819_10-32-50-611_sgm01011.jpg	1	0	0,589551495088253
20190819_10-32-50-611_sgm01012.jpg	1	2	0,9468343856912064
20190819_10-32-50-611_sgm01013.jpg	1	2	0,6463063544976112
20190819_10-32-50-611_sgm01015.jpg	1	2	0,7131908672378746
20190819_10-32-50-611_sgm01018.jpg	1	0	0,4848887931982967
20190819_10-32-50-611_sgm01020.jpg	1	1	0,43220525747906774
20190819_10-32-50-611_sgm01021.jpg	1	2	0,4925672791093742
20190819_10-32-50-611_sgm01022.jpg	1	2	0,5581437329131151
20190819_10-32-50-611_sgm01023.jpg	1	2	0,8475805319910281
20190819_10-32-50-611_sgm01024.jpg	1	2	0,602134851572108
20190819_10-32-50-611_sgm01027.jpg	1	0	0,5927840340520671
20190819_10-32-50-611_sgm01079.jpg	1	2	0,7629063090869025
20190819_10-32-50-611_sgm01080.jpg	1	0	0,6428058963483305
20190819_10-32-50-611_sgm01081.jpg	1	0	0,5782287317191495
